9.2195444572929 9.2195444572929 6.4031242374328 4.4721359549996 4.2426406871193 2.8284271247462 3.1622776601684 6.3245553203368 4.1231056256177 6.4031242374328 10.630145812735 10.630145812735 
8.4852813742386 10 5.6568542494924 5 5 2.2360679774998 2.2360679774998 5.3851648071345 4 7.0710678118655 10 11.313708498985 
7.8102496759067 9.4339811320566 5 4.2426406871193 4.4721359549996 1.4142135623731 2.8284271247462 5.8309518948453 5 7.8102496759067 10.816653826392 12.041594578792 
7.0710678118655 10.295630140987 4.2426406871193 5 5.3851648071345 1 2.2360679774998 5 5.0990195135928 8.4852813742386 10.295630140987 12.727922061358 
6.4031242374328 9.8488578017961 3.605551275464 4.4721359549996 5.0990195135928 0 3.1622776601684 5.6568542494924 6.0827625302982 9.2195444572929 11.180339887499 13.453624047074 
5.6568542494924 10.770329614269 2.8284271247462 5.3851648071345 6.0827625302982 1 3 5 6.3245553203368 9.8994949366117 10.770329614269 14.142135623731 
5 10.440306508911 2.2360679774998 5.0990195135928 6 1.4142135623731 4 5.8309518948453 7.2801098892805 10.630145812735 11.70469991072 14.866068747319 
4.2426406871193 11.401754250991 1.4142135623731 6.0827625302982 7 2.2360679774998 4.1231056256177 5.3851648071345 7.6157731058639 11.313708498985 11.401754250991 15.556349186104 
3.605551275464 11.180339887499 1 6 7.0710678118655 2.8284271247462 5.0990195135928 6.3245553203368 8.5440037453175 12.041594578792 12.369316876853 16.2788205961 
4.2426406871193 11.401754250991 1.4142135623731 6.0827625302982 7 2.2360679774998 4.1231056256177 5.3851648071345 7.6157731058639 11.313708498985 11.401754250991 15.556349186104 
4.2426406871193 11.401754250991 1.4142135623731 6.0827625302982 7 2.2360679774998 4.1231056256177 5.3851648071345 7.6157731058639 11.313708498985 11.401754250991 15.556349186104 
5 11.70469991072 2.2360679774998 6.3245553203368 7.0710678118655 2 3.1622776601684 4.4721359549996 6.7082039324994 10.630145812735 10.440306508911 14.866068747319 
5.8309518948453 12.083045973595 3.1622776601684 6.7082039324994 7.2801098892805 2.2360679774998 2.2360679774998 3.605551275464 5.8309518948453 10 9.4868329805051 14.212670403552 
6.7082039324994 12.529964086142 4.1231056256177 7.211102550928 7.6157731058639 2.8284271247462 1.4142135623731 2.8284271247462 5 9.4339811320566 8.5440037453175 13.601470508735 
7.6157731058639 13.038404810405 5.0990195135928 7.8102496759067 8.0622577482985 3.605551275464 1 2.2360679774998 4.2426406871193 8.9442719099992 7.6157731058639 13.038404810405 
8.5440037453175 13.601470508735 6.0827625302982 8.4852813742386 8.6023252670426 4.4721359549996 1.4142135623731 2 3.605551275464 8.5440037453175 6.7082039324994 12.529964086142 
8.2462112512353 14.422205101856 6 9.2195444572929 9.4339811320566 5 2.2360679774998 1 4.4721359549996 9.4868329805051 6.3245553203368 13.416407864999 
9.2195444572929 15 7 9.8994949366117 10 5.8309518948453 2.8284271247462 1.4142135623731 4.1231056256177 9.2195444572929 5.3851648071345 13 
9.4868329805051 14.212670403552 7.0710678118655 9.2195444572929 9.2195444572929 5.3851648071345 2.2360679774998 2.2360679774998 3.1622776601684 8.2462112512353 5.8309518948453 12.083045973595 
10.440306508911 14.866068747319 8.0622577482985 10 9.8994949366117 6.3245553203368 3.1622776601684 2.8284271247462 3 8.0622577482985 5 11.70469991072 
10.770329614269 14.142135623731 8.2462112512353 9.4339811320566 9.2195444572929 6.0827625302982 3 3.605551275464 2 7.0710678118655 5.6568542494924 10.770329614269 
11.70469991072 14.866068747319 9.2195444572929 10.295630140987 10 7.0710678118655 4 4.2426406871193 2.2360679774998 7 5 10.440306508911 
12.083045973595 14.212670403552 9.4868329805051 9.8488578017961 9.4339811320566 7 4.1231056256177 5 1.4142135623731 6 5.8309518948453 9.4868329805051 
13 15 10.440306508911 10.770329614269 10.295630140987 8 5.0990195135928 5.6568542494924 2.2360679774998 6.0827625302982 5.3851648071345 9.2195444572929 
13.416407864999 14.422205101856 10.770329614269 10.440306508911 9.8488578017961 8.0622577482985 5.3851648071345 6.4031242374328 2 5.0990195135928 6.3245553203368 8.2462112512353 
14.317821063276 15.264337522474 11.70469991072 11.401754250991 10.770329614269 9.0553851381374 6.3245553203368 7.0710678118655 3 5.3851648071345 6.0827625302982 8.0622577482985 
14.764823060233 14.764823060233 12.083045973595 11.180339887499 10.440306508911 9.2195444572929 6.7082039324994 7.8102496759067 3.1622776601684 4.4721359549996 7.0710678118655 7.0710678118655 
15.652475842499 15.652475842499 13 12.165525060596 11.401754250991 10.198039027186 7.6157731058639 8.4852813742386 4.1231056256177 5 7 7 
16.124515496597 15.231546211728 13.416407864999 12.041594578792 11.180339887499 10.440306508911 8.0622577482985 9.2195444572929 4.4721359549996 4.2426406871193 8 6 
15.264337522474 14.317821063276 12.529964086142 11.045361017187 10.198039027186 9.4868329805051 7.211102550928 8.6023252670426 3.605551275464 3.605551275464 8.0622577482985 6.0827625302982 
14.422205101856 13.416407864999 11.661903789691 10.049875621121 9.2195444572929 8.5440037453175 6.4031242374328 8.0622577482985 2.8284271247462 3.1622776601684 8.2462112512353 6.3245553203368 
13.601470508735 12.529964086142 10.816653826392 9.0553851381374 8.2462112512353 7.6157731058639 5.6568542494924 7.6157731058639 2.2360679774998 3 8.5440037453175 6.7082039324994 
12.806248474866 11.661903789691 10 8.0622577482985 7.2801098892805 6.7082039324994 5 7.2801098892805 2 3.1622776601684 8.9442719099992 7.211102550928 
12.041594578792 10.816653826392 9.2195444572929 7.0710678118655 6.3245553203368 5.8309518948453 4.4721359549996 7.0710678118655 2.2360679774998 3.605551275464 9.4339811320566 7.8102496759067 
11.313708498985 10 8.4852813742386 6.0827625302982 5.3851648071345 5 4.1231056256177 7 2.8284271247462 4.2426406871193 10 8.4852813742386 
10.630145812735 9.2195444572929 7.8102496759067 5.0990195135928 4.4721359549996 4.2426406871193 4 7.0710678118655 3.605551275464 5 10.630145812735 9.2195444572929 
10 8.4852813742386 7.211102550928 4.1231056256177 3.605551275464 3.605551275464 4.1231056256177 7.2801098892805 4.4721359549996 5.8309518948453 11.313708498985 10 
9.4339811320566 7.8102496759067 6.7082039324994 3.1622776601684 2.8284271247462 3.1622776601684 4.4721359549996 7.6157731058639 5.3851648071345 6.7082039324994 12.041594578792 10.816653826392 
8.9442719099992 7.211102550928 6.3245553203368 2.2360679774998 2.2360679774998 3 5 8.0622577482985 6.3245553203368 7.6157731058639 12.806248474866 11.661903789691 
8.5440037453175 6.7082039324994 6.0827625302982 1.4142135623731 2 3.1622776601684 5.6568542494924 8.6023252670426 7.2801098892805 8.5440037453175 13.601470508735 12.529964086142 
8.2462112512353 6.3245553203368 6 1 2.2360679774998 3.605551275464 6.4031242374328 9.2195444572929 8.2462112512353 9.4868329805051 14.422205101856 13.416407864999 
8.0622577482985 6.0827625302982 6.0827625302982 1.4142135623731 2.8284271247462 4.2426406871193 7.211102550928 9.8994949366117 9.2195444572929 10.440306508911 15.264337522474 14.317821063276 
8 6 6.3245553203368 2.2360679774998 3.605551275464 5 8.0622577482985 10.630145812735 10.198039027186 11.401754250991 16.124515496597 15.231546211728 
