9.2195444572929 10.630145812735 6.4031242374328 5.8309518948453 5.6568542494924 3.1622776601684 2 5.0990195135928 3 6.4031242374328 9.2195444572929 10.630145812735 
10 11.313708498985 7.211102550928 6.7082039324994 6.4031242374328 4.1231056256177 2.2360679774998 5 2 5.8309518948453 8.4852813742386 10 
9.4339811320566 12.041594578792 6.7082039324994 7.211102550928 7.0710678118655 4 1.4142135623731 4 2.2360679774998 6.7082039324994 7.8102496759067 10.816653826392 
10.295630140987 12.727922061358 7.6157731058639 8.0622577482985 7.8102496759067 5 2.2360679774998 4.1231056256177 1.4142135623731 6.3245553203368 7.0710678118655 10.295630140987 
9.8488578017961 13.453624047074 7.2801098892805 8.6023252670426 8.4852813742386 5.0990195135928 2 3.1622776601684 2.2360679774998 7.2801098892805 6.4031242374328 11.180339887499 
10.770329614269 14.142135623731 8.2462112512353 9.4339811320566 9.2195444572929 6.0827625302982 3 3.605551275464 2 7.0710678118655 5.6568542494924 10.770329614269 
10.440306508911 14.866068747319 8.0622577482985 10 9.8994949366117 6.3245553203368 3.1622776601684 2.8284271247462 3 8.0622577482985 5 11.70469991072 
11.401754250991 15.556349186104 9.0553851381374 10.816653826392 10.630145812735 7.2801098892805 4.1231056256177 3.605551275464 3.1622776601684 8 4.2426406871193 11.401754250991 
11.180339887499 16.2788205961 9 11.401754250991 11.313708498985 7.6157731058639 4.4721359549996 3.1622776601684 4.1231056256177 9 3.605551275464 12.369316876853 
12.165525060596 16.970562748477 10 12.206555615734 12.041594578792 8.5440037453175 5.3851648071345 4.1231056256177 4.4721359549996 9.0553851381374 2.8284271247462 12.165525060596 
12.041594578792 17.691806012954 10.049875621121 12.806248474866 12.727922061358 8.9442719099992 5.8309518948453 4 5.3851648071345 10.049875621121 2.2360679774998 13.152946437966 
13.038404810405 18.38477631085 11.045361017187 13.601470508735 13.453624047074 9.8488578017961 6.7082039324994 5 5.8309518948453 10.198039027186 1.4142135623731 13.038404810405 
13 19.104973174543 11.180339887499 14.212670403552 14.142135623731 10.295630140987 7.211102550928 5.0990195135928 6.7082039324994 11.180339887499 1 14.035668847618 
14 19.798989873223 12.165525060596 15 14.866068747319 11.180339887499 8.0622577482985 6.0827625302982 7.211102550928 11.401754250991 0 14 
13 19.104973174543 11.180339887499 14.212670403552 14.142135623731 10.295630140987 7.211102550928 5.0990195135928 6.7082039324994 11.180339887499 1 14.035668847618 
12 18.439088914586 10.198039027186 13.453624047074 13.453624047074 9.4339811320566 6.4031242374328 4.1231056256177 6.3245553203368 11.045361017187 2 14.142135623731 
11 17.804493814765 9.2195444572929 12.727922061358 12.806248474866 8.6023252670426 5.6568542494924 3.1622776601684 6.0827625302982 11 3 14.317821063276 
10 17.204650534085 8.2462112512353 12.041594578792 12.206555615734 7.8102496759067 5 2.2360679774998 6 11.045361017187 4 14.560219778561 
9 16.643316977093 7.2801098892805 11.401754250991 11.661903789691 7.0710678118655 4.4721359549996 1.4142135623731 6.0827625302982 11.180339887499 5 14.866068747319 
8 16.124515496597 6.3245553203368 10.816653826392 11.180339887499 6.4031242374328 4.1231056256177 1 6.3245553203368 11.401754250991 6 15.231546211728 
7 15.652475842499 5.3851648071345 10.295630140987 10.770329614269 5.8309518948453 4 1.4142135623731 6.7082039324994 11.70469991072 7 15.652475842499 
6 15.231546211728 4.4721359549996 9.8488578017961 10.440306508911 5.3851648071345 4.1231056256177 2.2360679774998 7.211102550928 12.083045973595 8 16.124515496597 
5 14.866068747319 3.605551275464 9.4868329805051 10.198039027186 5.0990195135928 4.4721359549996 3.1622776601684 7.8102496759067 12.529964086142 9 16.643316977093 
4 14.560219778561 2.8284271247462 9.2195444572929 10.049875621121 5 5 4.1231056256177 8.4852813742386 13.038404810405 10 17.204650534085 
3 14.317821063276 2.2360679774998 9.0553851381374 10 5.0990195135928 5.6568542494924 5.0990195135928 9.2195444572929 13.601470508735 11 17.804493814765 
2 14.142135623731 2 9 10.049875621121 5.3851648071345 6.4031242374328 6.0827625302982 10 14.212670403552 12 18.439088914586 
1 14.035668847618 2.2360679774998 9.0553851381374 10.198039027186 5.8309518948453 7.211102550928 7.0710678118655 10.816653826392 14.866068747319 13 19.104973174543 
0 14 2.8284271247462 9.2195444572929 10.440306508911 6.4031242374328 8.0622577482985 8.0622577482985 11.661903789691 15.556349186104 14 19.798989873223 
1 13 2.2360679774998 8.2462112512353 9.4868329805051 5.6568542494924 7.6157731058639 8 11.180339887499 14.866068747319 14.035668847618 19.104973174543 
2 12 2 7.2801098892805 8.5440037453175 5 7.2801098892805 8.0622577482985 10.770329614269 14.212670403552 14.142135623731 18.439088914586 
3 11 2.2360679774998 6.3245553203368 7.6157731058639 4.4721359549996 7.0710678118655 8.2462112512353 10.440306508911 13.601470508735 14.317821063276 17.804493814765 
4 10 2.8284271247462 5.3851648071345 6.7082039324994 4.1231056256177 7 8.5440037453175 10.198039027186 13.038404810405 14.560219778561 17.204650534085 
5 9 3.605551275464 4.4721359549996 5.8309518948453 4 7.0710678118655 8.9442719099992 10.049875621121 12.529964086142 14.866068747319 16.643316977093 
6 8 4.4721359549996 3.605551275464 5 4.1231056256177 7.2801098892805 9.4339811320566 10 12.083045973595 15.231546211728 16.124515496597 
7 7 5.3851648071345 2.8284271247462 4.2426406871193 4.4721359549996 7.6157731058639 10 10.049875621121 11.70469991072 15.652475842499 15.652475842499 
8 6 6.3245553203368 2.2360679774998 3.605551275464 5 8.0622577482985 10.630145812735 10.198039027186 11.401754250991 16.124515496597 15.231546211728 
9 5 7.2801098892805 2 3.1622776601684 5.6568542494924 8.6023252670426 11.313708498985 10.440306508911 11.180339887499 16.643316977093 14.866068747319 
10 4 8.2462112512353 2.2360679774998 3 6.4031242374328 9.2195444572929 12.041594578792 10.770329614269 11.045361017187 17.204650534085 14.560219778561 
11 3 9.2195444572929 2.8284271247462 3.1622776601684 7.211102550928 9.8994949366117 12.806248474866 11.180339887499 11 17.804493814765 14.317821063276 
12 2 10.198039027186 3.605551275464 3.605551275464 8.0622577482985 10.630145812735 13.601470508735 11.661903789691 11.045361017187 18.439088914586 14.142135623731 
13 1 11.180339887499 4.4721359549996 4.2426406871193 8.9442719099992 11.401754250991 14.422205101856 12.206555615734 11.180339887499 19.104973174543 14.035668847618 
14 0 12.165525060596 5.3851648071345 5 9.8488578017961 12.206555615734 15.264337522474 12.806248474866 11.401754250991 19.798989873223 14 
14.035668847618 1 12.041594578792 5.0990195135928 4.4721359549996 9.4868329805051 11.661903789691 14.764823060233 12.041594578792 10.440306508911 19.104973174543 13 
13.038404810405 1.4142135623731 11.045361017187 4.1231056256177 3.605551275464 8.5440037453175 10.816653826392 13.89244398945 11.401754250991 10.198039027186 18.38477631085 13.038404810405 
13.152946437966 2.2360679774998 11 4 3.1622776601684 8.2462112512353 10.295630140987 13.416407864999 10.630145812735 9.2195444572929 17.691806012954 12.041594578792 
12.165525060596 2.8284271247462 10 3 2.2360679774998 7.2801098892805 9.4339811320566 12.529964086142 10 9.0553851381374 16.970562748477 12.165525060596 
12.369316876853 3.605551275464 10.049875621121 3.1622776601684 2 7.0710678118655 8.9442719099992 12.083045973595 9.2195444572929 8.0622577482985 16.2788205961 11.180339887499 
11.401754250991 4.2426406871193 9.0553851381374 2.2360679774998 1 6.0827625302982 8.0622577482985 11.180339887499 8.6023252670426 8 15.556349186104 11.401754250991 
11.70469991072 5 9.2195444572929 2.8284271247462 1.4142135623731 6 7.6157731058639 10.770329614269 7.8102496759067 7 14.866068747319 10.440306508911 
10.770329614269 5.6568542494924 8.2462112512353 2.2360679774998 1 5 6.7082039324994 9.8488578017961 7.211102550928 7.0710678118655 14.142135623731 10.770329614269 
11.180339887499 6.4031242374328 8.5440037453175 3.1622776601684 2 5.0990195135928 6.3245553203368 9.4868329805051 6.4031242374328 6.0827625302982 13.453624047074 9.8488578017961 
10.295630140987 7.0710678118655 7.6157731058639 3 2.2360679774998 4.1231056256177 5.3851648071345 8.5440037453175 5.8309518948453 6.3245553203368 12.727922061358 10.295630140987 
10.816653826392 7.8102496759067 8.0622577482985 4 3.1622776601684 4.4721359549996 5.0990195135928 8.2462112512353 5 5.3851648071345 12.041594578792 9.4339811320566 
10 8.4852813742386 7.211102550928 4.1231056256177 3.605551275464 3.605551275464 4.1231056256177 7.2801098892805 4.4721359549996 5.8309518948453 11.313708498985 10 
10.630145812735 9.2195444572929 7.8102496759067 5.0990195135928 4.4721359549996 4.2426406871193 4 7.0710678118655 3.605551275464 5 10.630145812735 9.2195444572929 
9.8994949366117 9.8994949366117 7.0710678118655 5.3851648071345 5 3.605551275464 3 6.0827625302982 3.1622776601684 5.6568542494924 9.8994949366117 9.8994949366117 
10.630145812735 10.630145812735 7.8102496759067 6.3245553203368 5.8309518948453 4.4721359549996 3.1622776601684 6 2.2360679774998 5 9.2195444572929 9.2195444572929 
10 11.313708498985 7.211102550928 6.7082039324994 6.4031242374328 4.1231056256177 2.2360679774998 5 2 5.8309518948453 8.4852813742386 10 
10.816653826392 12.041594578792 8.0622577482985 7.6157731058639 7.211102550928 5.0990195135928 2.8284271247462 5.0990195135928 1 5.3851648071345 7.8102496759067 9.4339811320566 
10.295630140987 12.727922061358 7.6157731058639 8.0622577482985 7.8102496759067 5 2.2360679774998 4.1231056256177 1.4142135623731 6.3245553203368 7.0710678118655 10.295630140987 
11.180339887499 13.453624047074 8.5440037453175 8.9442719099992 8.6023252670426 6 3.1622776601684 4.4721359549996 1 6.0827625302982 6.4031242374328 9.8488578017961 
10.770329614269 14.142135623731 8.2462112512353 9.4339811320566 9.2195444572929 6.0827625302982 3 3.605551275464 2 7.0710678118655 5.6568542494924 10.770329614269 
11.70469991072 14.866068747319 9.2195444572929 10.295630140987 10 7.0710678118655 4 4.2426406871193 2.2360679774998 7 5 10.440306508911 
11.401754250991 15.556349186104 9.0553851381374 10.816653826392 10.630145812735 7.2801098892805 4.1231056256177 3.605551275464 3.1622776601684 8 4.2426406871193 11.401754250991 
12.369316876853 16.2788205961 10.049875621121 11.661903789691 11.401754250991 8.2462112512353 5.0990195135928 4.4721359549996 3.605551275464 8.0622577482985 3.605551275464 11.180339887499 
12.165525060596 16.970562748477 10 12.206555615734 12.041594578792 8.5440037453175 5.3851648071345 4.1231056256177 4.4721359549996 9.0553851381374 2.8284271247462 12.165525060596 
13.152946437966 17.691806012954 11 13.038404810405 12.806248474866 9.4868329805051 6.3245553203368 5.0990195135928 5 9.2195444572929 2.2360679774998 12.041594578792 
13.038404810405 18.38477631085 11.045361017187 13.601470508735 13.453624047074 9.8488578017961 6.7082039324994 5 5.8309518948453 10.198039027186 1.4142135623731 13.038404810405 
14.035668847618 19.104973174543 12.041594578792 14.422205101856 14.212670403552 10.770329614269 7.6157731058639 6 6.4031242374328 10.440306508911 1 13 
14 19.798989873223 12.165525060596 15 14.866068747319 11.180339887499 8.0622577482985 6.0827625302982 7.211102550928 11.401754250991 0 14 
13 19.104973174543 11.180339887499 14.212670403552 14.142135623731 10.295630140987 7.211102550928 5.0990195135928 6.7082039324994 11.180339887499 1 14.035668847618 
12 18.439088914586 10.198039027186 13.453624047074 13.453624047074 9.4339811320566 6.4031242374328 4.1231056256177 6.3245553203368 11.045361017187 2 14.142135623731 
11 17.804493814765 9.2195444572929 12.727922061358 12.806248474866 8.6023252670426 5.6568542494924 3.1622776601684 6.0827625302982 11 3 14.317821063276 
10 17.204650534085 8.2462112512353 12.041594578792 12.206555615734 7.8102496759067 5 2.2360679774998 6 11.045361017187 4 14.560219778561 
9 16.643316977093 7.2801098892805 11.401754250991 11.661903789691 7.0710678118655 4.4721359549996 1.4142135623731 6.0827625302982 11.180339887499 5 14.866068747319 
8 16.124515496597 6.3245553203368 10.816653826392 11.180339887499 6.4031242374328 4.1231056256177 1 6.3245553203368 11.401754250991 6 15.231546211728 
7 15.652475842499 5.3851648071345 10.295630140987 10.770329614269 5.8309518948453 4 1.4142135623731 6.7082039324994 11.70469991072 7 15.652475842499 
6 15.231546211728 4.4721359549996 9.8488578017961 10.440306508911 5.3851648071345 4.1231056256177 2.2360679774998 7.211102550928 12.083045973595 8 16.124515496597 
5 14.866068747319 3.605551275464 9.4868329805051 10.198039027186 5.0990195135928 4.4721359549996 3.1622776601684 7.8102496759067 12.529964086142 9 16.643316977093 
4 14.560219778561 2.8284271247462 9.2195444572929 10.049875621121 5 5 4.1231056256177 8.4852813742386 13.038404810405 10 17.204650534085 
3 14.317821063276 2.2360679774998 9.0553851381374 10 5.0990195135928 5.6568542494924 5.0990195135928 9.2195444572929 13.601470508735 11 17.804493814765 
2 14.142135623731 2 9 10.049875621121 5.3851648071345 6.4031242374328 6.0827625302982 10 14.212670403552 12 18.439088914586 
1 14.035668847618 2.2360679774998 9.0553851381374 10.198039027186 5.8309518948453 7.211102550928 7.0710678118655 10.816653826392 14.866068747319 13 19.104973174543 
0 14 2.8284271247462 9.2195444572929 10.440306508911 6.4031242374328 8.0622577482985 8.0622577482985 11.661903789691 15.556349186104 14 19.798989873223 
1 13 2.2360679774998 8.2462112512353 9.4868329805051 5.6568542494924 7.6157731058639 8 11.180339887499 14.866068747319 14.035668847618 19.104973174543 
2 12 2 7.2801098892805 8.5440037453175 5 7.2801098892805 8.0622577482985 10.770329614269 14.212670403552 14.142135623731 18.439088914586 
3 11 2.2360679774998 6.3245553203368 7.6157731058639 4.4721359549996 7.0710678118655 8.2462112512353 10.440306508911 13.601470508735 14.317821063276 17.804493814765 
4 10 2.8284271247462 5.3851648071345 6.7082039324994 4.1231056256177 7 8.5440037453175 10.198039027186 13.038404810405 14.560219778561 17.204650534085 
5 9 3.605551275464 4.4721359549996 5.8309518948453 4 7.0710678118655 8.9442719099992 10.049875621121 12.529964086142 14.866068747319 16.643316977093 
6 8 4.4721359549996 3.605551275464 5 4.1231056256177 7.2801098892805 9.4339811320566 10 12.083045973595 15.231546211728 16.124515496597 
7 7 5.3851648071345 2.8284271247462 4.2426406871193 4.4721359549996 7.6157731058639 10 10.049875621121 11.70469991072 15.652475842499 15.652475842499 
8 6 6.3245553203368 2.2360679774998 3.605551275464 5 8.0622577482985 10.630145812735 10.198039027186 11.401754250991 16.124515496597 15.231546211728 
9 5 7.2801098892805 2 3.1622776601684 5.6568542494924 8.6023252670426 11.313708498985 10.440306508911 11.180339887499 16.643316977093 14.866068747319 
10 4 8.2462112512353 2.2360679774998 3 6.4031242374328 9.2195444572929 12.041594578792 10.770329614269 11.045361017187 17.204650534085 14.560219778561 
11 3 9.2195444572929 2.8284271247462 3.1622776601684 7.211102550928 9.8994949366117 12.806248474866 11.180339887499 11 17.804493814765 14.317821063276 
12 2 10.198039027186 3.605551275464 3.605551275464 8.0622577482985 10.630145812735 13.601470508735 11.661903789691 11.045361017187 18.439088914586 14.142135623731 
13 1 11.180339887499 4.4721359549996 4.2426406871193 8.9442719099992 11.401754250991 14.422205101856 12.206555615734 11.180339887499 19.104973174543 14.035668847618 
14 0 12.165525060596 5.3851648071345 5 9.8488578017961 12.206555615734 15.264337522474 12.806248474866 11.401754250991 19.798989873223 14 
14.035668847618 1 12.041594578792 5.0990195135928 4.4721359549996 9.4868329805051 11.661903789691 14.764823060233 12.041594578792 10.440306508911 19.104973174543 13 
13.038404810405 1.4142135623731 11.045361017187 4.1231056256177 3.605551275464 8.5440037453175 10.816653826392 13.89244398945 11.401754250991 10.198039027186 18.38477631085 13.038404810405 
13.152946437966 2.2360679774998 11 4 3.1622776601684 8.2462112512353 10.295630140987 13.416407864999 10.630145812735 9.2195444572929 17.691806012954 12.041594578792 
12.165525060596 2.8284271247462 10 3 2.2360679774998 7.2801098892805 9.4339811320566 12.529964086142 10 9.0553851381374 16.970562748477 12.165525060596 
12.369316876853 3.605551275464 10.049875621121 3.1622776601684 2 7.0710678118655 8.9442719099992 12.083045973595 9.2195444572929 8.0622577482985 16.2788205961 11.180339887499 
11.401754250991 4.2426406871193 9.0553851381374 2.2360679774998 1 6.0827625302982 8.0622577482985 11.180339887499 8.6023252670426 8 15.556349186104 11.401754250991 
11.70469991072 5 9.2195444572929 2.8284271247462 1.4142135623731 6 7.6157731058639 10.770329614269 7.8102496759067 7 14.866068747319 10.440306508911 
10.770329614269 5.6568542494924 8.2462112512353 2.2360679774998 1 5 6.7082039324994 9.8488578017961 7.211102550928 7.0710678118655 14.142135623731 10.770329614269 
11.180339887499 6.4031242374328 8.5440037453175 3.1622776601684 2 5.0990195135928 6.3245553203368 9.4868329805051 6.4031242374328 6.0827625302982 13.453624047074 9.8488578017961 
10.295630140987 7.0710678118655 7.6157731058639 3 2.2360679774998 4.1231056256177 5.3851648071345 8.5440037453175 5.8309518948453 6.3245553203368 12.727922061358 10.295630140987 
10.816653826392 7.8102496759067 8.0622577482985 4 3.1622776601684 4.4721359549996 5.0990195135928 8.2462112512353 5 5.3851648071345 12.041594578792 9.4339811320566 
10 8.4852813742386 7.211102550928 4.1231056256177 3.605551275464 3.605551275464 4.1231056256177 7.2801098892805 4.4721359549996 5.8309518948453 11.313708498985 10 
10.630145812735 9.2195444572929 7.8102496759067 5.0990195135928 4.4721359549996 4.2426406871193 4 7.0710678118655 3.605551275464 5 10.630145812735 9.2195444572929 
9.8994949366117 9.8994949366117 7.0710678118655 5.3851648071345 5 3.605551275464 3 6.0827625302982 3.1622776601684 5.6568542494924 9.8994949366117 9.8994949366117 
10.630145812735 10.630145812735 7.8102496759067 6.3245553203368 5.8309518948453 4.4721359549996 3.1622776601684 6 2.2360679774998 5 9.2195444572929 9.2195444572929 
10 11.313708498985 7.211102550928 6.7082039324994 6.4031242374328 4.1231056256177 2.2360679774998 5 2 5.8309518948453 8.4852813742386 10 
10.816653826392 12.041594578792 8.0622577482985 7.6157731058639 7.211102550928 5.0990195135928 2.8284271247462 5.0990195135928 1 5.3851648071345 7.8102496759067 9.4339811320566 
10.295630140987 12.727922061358 7.6157731058639 8.0622577482985 7.8102496759067 5 2.2360679774998 4.1231056256177 1.4142135623731 6.3245553203368 7.0710678118655 10.295630140987 
11.180339887499 13.453624047074 8.5440037453175 8.9442719099992 8.6023252670426 6 3.1622776601684 4.4721359549996 1 6.0827625302982 6.4031242374328 9.8488578017961 
10.770329614269 14.142135623731 8.2462112512353 9.4339811320566 9.2195444572929 6.0827625302982 3 3.605551275464 2 7.0710678118655 5.6568542494924 10.770329614269 
11.70469991072 14.866068747319 9.2195444572929 10.295630140987 10 7.0710678118655 4 4.2426406871193 2.2360679774998 7 5 10.440306508911 
11.401754250991 15.556349186104 9.0553851381374 10.816653826392 10.630145812735 7.2801098892805 4.1231056256177 3.605551275464 3.1622776601684 8 4.2426406871193 11.401754250991 
12.369316876853 16.2788205961 10.049875621121 11.661903789691 11.401754250991 8.2462112512353 5.0990195135928 4.4721359549996 3.605551275464 8.0622577482985 3.605551275464 11.180339887499 
12.165525060596 16.970562748477 10 12.206555615734 12.041594578792 8.5440037453175 5.3851648071345 4.1231056256177 4.4721359549996 9.0553851381374 2.8284271247462 12.165525060596 
13.152946437966 17.691806012954 11 13.038404810405 12.806248474866 9.4868329805051 6.3245553203368 5.0990195135928 5 9.2195444572929 2.2360679774998 12.041594578792 
13.038404810405 18.38477631085 11.045361017187 13.601470508735 13.453624047074 9.8488578017961 6.7082039324994 5 5.8309518948453 10.198039027186 1.4142135623731 13.038404810405 
14.035668847618 19.104973174543 12.041594578792 14.422205101856 14.212670403552 10.770329614269 7.6157731058639 6 6.4031242374328 10.440306508911 1 13 
14 19.798989873223 12.165525060596 15 14.866068747319 11.180339887499 8.0622577482985 6.0827625302982 7.211102550928 11.401754250991 0 14 
13 19.104973174543 11.180339887499 14.212670403552 14.142135623731 10.295630140987 7.211102550928 5.0990195135928 6.7082039324994 11.180339887499 1 14.035668847618 
12 18.439088914586 10.198039027186 13.453624047074 13.453624047074 9.4339811320566 6.4031242374328 4.1231056256177 6.3245553203368 11.045361017187 2 14.142135623731 
11 17.804493814765 9.2195444572929 12.727922061358 12.806248474866 8.6023252670426 5.6568542494924 3.1622776601684 6.0827625302982 11 3 14.317821063276 
10 17.204650534085 8.2462112512353 12.041594578792 12.206555615734 7.8102496759067 5 2.2360679774998 6 11.045361017187 4 14.560219778561 
9 16.643316977093 7.2801098892805 11.401754250991 11.661903789691 7.0710678118655 4.4721359549996 1.4142135623731 6.0827625302982 11.180339887499 5 14.866068747319 
8 16.124515496597 6.3245553203368 10.816653826392 11.180339887499 6.4031242374328 4.1231056256177 1 6.3245553203368 11.401754250991 6 15.231546211728 
7 15.652475842499 5.3851648071345 10.295630140987 10.770329614269 5.8309518948453 4 1.4142135623731 6.7082039324994 11.70469991072 7 15.652475842499 
6 15.231546211728 4.4721359549996 9.8488578017961 10.440306508911 5.3851648071345 4.1231056256177 2.2360679774998 7.211102550928 12.083045973595 8 16.124515496597 
5 14.866068747319 3.605551275464 9.4868329805051 10.198039027186 5.0990195135928 4.4721359549996 3.1622776601684 7.8102496759067 12.529964086142 9 16.643316977093 
4 14.560219778561 2.8284271247462 9.2195444572929 10.049875621121 5 5 4.1231056256177 8.4852813742386 13.038404810405 10 17.204650534085 
3 14.317821063276 2.2360679774998 9.0553851381374 10 5.0990195135928 5.6568542494924 5.0990195135928 9.2195444572929 13.601470508735 11 17.804493814765 
2 14.142135623731 2 9 10.049875621121 5.3851648071345 6.4031242374328 6.0827625302982 10 14.212670403552 12 18.439088914586 
1 14.035668847618 2.2360679774998 9.0553851381374 10.198039027186 5.8309518948453 7.211102550928 7.0710678118655 10.816653826392 14.866068747319 13 19.104973174543 
0 14 2.8284271247462 9.2195444572929 10.440306508911 6.4031242374328 8.0622577482985 8.0622577482985 11.661903789691 15.556349186104 14 19.798989873223 
1 13 2.2360679774998 8.2462112512353 9.4868329805051 5.6568542494924 7.6157731058639 8 11.180339887499 14.866068747319 14.035668847618 19.104973174543 
2 12 2 7.2801098892805 8.5440037453175 5 7.2801098892805 8.0622577482985 10.770329614269 14.212670403552 14.142135623731 18.439088914586 
3 11 2.2360679774998 6.3245553203368 7.6157731058639 4.4721359549996 7.0710678118655 8.2462112512353 10.440306508911 13.601470508735 14.317821063276 17.804493814765 
4 10 2.8284271247462 5.3851648071345 6.7082039324994 4.1231056256177 7 8.5440037453175 10.198039027186 13.038404810405 14.560219778561 17.204650534085 
5 9 3.605551275464 4.4721359549996 5.8309518948453 4 7.0710678118655 8.9442719099992 10.049875621121 12.529964086142 14.866068747319 16.643316977093 
6 8 4.4721359549996 3.605551275464 5 4.1231056256177 7.2801098892805 9.4339811320566 10 12.083045973595 15.231546211728 16.124515496597 
7 7 5.3851648071345 2.8284271247462 4.2426406871193 4.4721359549996 7.6157731058639 10 10.049875621121 11.70469991072 15.652475842499 15.652475842499 
8 6 6.3245553203368 2.2360679774998 3.605551275464 5 8.0622577482985 10.630145812735 10.198039027186 11.401754250991 16.124515496597 15.231546211728 
9 5 7.2801098892805 2 3.1622776601684 5.6568542494924 8.6023252670426 11.313708498985 10.440306508911 11.180339887499 16.643316977093 14.866068747319 
10 4 8.2462112512353 2.2360679774998 3 6.4031242374328 9.2195444572929 12.041594578792 10.770329614269 11.045361017187 17.204650534085 14.560219778561 
11 3 9.2195444572929 2.8284271247462 3.1622776601684 7.211102550928 9.8994949366117 12.806248474866 11.180339887499 11 17.804493814765 14.317821063276 
12 2 10.198039027186 3.605551275464 3.605551275464 8.0622577482985 10.630145812735 13.601470508735 11.661903789691 11.045361017187 18.439088914586 14.142135623731 
13 1 11.180339887499 4.4721359549996 4.2426406871193 8.9442719099992 11.401754250991 14.422205101856 12.206555615734 11.180339887499 19.104973174543 14.035668847618 
14 0 12.165525060596 5.3851648071345 5 9.8488578017961 12.206555615734 15.264337522474 12.806248474866 11.401754250991 19.798989873223 14 
14.035668847618 1 12.041594578792 5.0990195135928 4.4721359549996 9.4868329805051 11.661903789691 14.764823060233 12.041594578792 10.440306508911 19.104973174543 13 
13.038404810405 1.4142135623731 11.045361017187 4.1231056256177 3.605551275464 8.5440037453175 10.816653826392 13.89244398945 11.401754250991 10.198039027186 18.38477631085 13.038404810405 
13.152946437966 2.2360679774998 11 4 3.1622776601684 8.2462112512353 10.295630140987 13.416407864999 10.630145812735 9.2195444572929 17.691806012954 12.041594578792 
12.165525060596 2.8284271247462 10 3 2.2360679774998 7.2801098892805 9.4339811320566 12.529964086142 10 9.0553851381374 16.970562748477 12.165525060596 
12.369316876853 3.605551275464 10.049875621121 3.1622776601684 2 7.0710678118655 8.9442719099992 12.083045973595 9.2195444572929 8.0622577482985 16.2788205961 11.180339887499 
11.401754250991 4.2426406871193 9.0553851381374 2.2360679774998 1 6.0827625302982 8.0622577482985 11.180339887499 8.6023252670426 8 15.556349186104 11.401754250991 
11.70469991072 5 9.2195444572929 2.8284271247462 1.4142135623731 6 7.6157731058639 10.770329614269 7.8102496759067 7 14.866068747319 10.440306508911 
10.770329614269 5.6568542494924 8.2462112512353 2.2360679774998 1 5 6.7082039324994 9.8488578017961 7.211102550928 7.0710678118655 14.142135623731 10.770329614269 
11.180339887499 6.4031242374328 8.5440037453175 3.1622776601684 2 5.0990195135928 6.3245553203368 9.4868329805051 6.4031242374328 6.0827625302982 13.453624047074 9.8488578017961 
10.295630140987 7.0710678118655 7.6157731058639 3 2.2360679774998 4.1231056256177 5.3851648071345 8.5440037453175 5.8309518948453 6.3245553203368 12.727922061358 10.295630140987 
10.816653826392 7.8102496759067 8.0622577482985 4 3.1622776601684 4.4721359549996 5.0990195135928 8.2462112512353 5 5.3851648071345 12.041594578792 9.4339811320566 
10 8.4852813742386 7.211102550928 4.1231056256177 3.605551275464 3.605551275464 4.1231056256177 7.2801098892805 4.4721359549996 5.8309518948453 11.313708498985 10 
10.630145812735 9.2195444572929 7.8102496759067 5.0990195135928 4.4721359549996 4.2426406871193 4 7.0710678118655 3.605551275464 5 10.630145812735 9.2195444572929 
9.8994949366117 9.8994949366117 7.0710678118655 5.3851648071345 5 3.605551275464 3 6.0827625302982 3.1622776601684 5.6568542494924 9.8994949366117 9.8994949366117 
10.630145812735 10.630145812735 7.8102496759067 6.3245553203368 5.8309518948453 4.4721359549996 3.1622776601684 6 2.2360679774998 5 9.2195444572929 9.2195444572929 
10 11.313708498985 7.211102550928 6.7082039324994 6.4031242374328 4.1231056256177 2.2360679774998 5 2 5.8309518948453 8.4852813742386 10 
10.816653826392 12.041594578792 8.0622577482985 7.6157731058639 7.211102550928 5.0990195135928 2.8284271247462 5.0990195135928 1 5.3851648071345 7.8102496759067 9.4339811320566 
10.295630140987 12.727922061358 7.6157731058639 8.0622577482985 7.8102496759067 5 2.2360679774998 4.1231056256177 1.4142135623731 6.3245553203368 7.0710678118655 10.295630140987 
11.180339887499 13.453624047074 8.5440037453175 8.9442719099992 8.6023252670426 6 3.1622776601684 4.4721359549996 1 6.0827625302982 6.4031242374328 9.8488578017961 
10.770329614269 14.142135623731 8.2462112512353 9.4339811320566 9.2195444572929 6.0827625302982 3 3.605551275464 2 7.0710678118655 5.6568542494924 10.770329614269 
11.70469991072 14.866068747319 9.2195444572929 10.295630140987 10 7.0710678118655 4 4.2426406871193 2.2360679774998 7 5 10.440306508911 
11.401754250991 15.556349186104 9.0553851381374 10.816653826392 10.630145812735 7.2801098892805 4.1231056256177 3.605551275464 3.1622776601684 8 4.2426406871193 11.401754250991 
12.369316876853 16.2788205961 10.049875621121 11.661903789691 11.401754250991 8.2462112512353 5.0990195135928 4.4721359549996 3.605551275464 8.0622577482985 3.605551275464 11.180339887499 
12.165525060596 16.970562748477 10 12.206555615734 12.041594578792 8.5440037453175 5.3851648071345 4.1231056256177 4.4721359549996 9.0553851381374 2.8284271247462 12.165525060596 
13.152946437966 17.691806012954 11 13.038404810405 12.806248474866 9.4868329805051 6.3245553203368 5.0990195135928 5 9.2195444572929 2.2360679774998 12.041594578792 
13.038404810405 18.38477631085 11.045361017187 13.601470508735 13.453624047074 9.8488578017961 6.7082039324994 5 5.8309518948453 10.198039027186 1.4142135623731 13.038404810405 
14.035668847618 19.104973174543 12.041594578792 14.422205101856 14.212670403552 10.770329614269 7.6157731058639 6 6.4031242374328 10.440306508911 1 13 
14 19.798989873223 12.165525060596 15 14.866068747319 11.180339887499 8.0622577482985 6.0827625302982 7.211102550928 11.401754250991 0 14 
