9.2195444572929 9.2195444572929 6.4031242374328 4.4721359549996 4.2426406871193 2.8284271247462 3.1622776601684 6.3245553203368 4.1231056256177 6.4031242374328 10.630145812735 10.630145812735 
8.6023252670426 8.6023252670426 5.8309518948453 3.605551275464 3.605551275464 2.2360679774998 3.605551275464 6.7082039324994 5.0990195135928 7.211102550928 11.401754250991 11.401754250991 
8.0622577482985 8.0622577482985 5.3851648071345 2.8284271247462 3.1622776601684 2 4.2426406871193 7.211102550928 6.0827625302982 8.0622577482985 12.206555615734 12.206555615734 
7.6157731058639 7.6157731058639 5.0990195135928 2.2360679774998 3 2.2360679774998 5 7.8102496759067 7.0710678118655 8.9442719099992 13.038404810405 13.038404810405 
7.2801098892805 7.2801098892805 5 2 3.1622776601684 2.8284271247462 5.8309518948453 8.4852813742386 8.0622577482985 9.8488578017961 13.89244398945 13.89244398945 
7.0710678118655 7.0710678118655 5.0990195135928 2.2360679774998 3.605551275464 3.605551275464 6.7082039324994 9.2195444572929 9.0553851381374 10.770329614269 14.764823060233 14.764823060233 
7 7 5.3851648071345 2.8284271247462 4.2426406871193 4.4721359549996 7.6157731058639 10 10.049875621121 11.70469991072 15.652475842499 15.652475842499 
8 6 6.3245553203368 2.2360679774998 3.605551275464 5 8.0622577482985 10.630145812735 10.198039027186 11.401754250991 16.124515496597 15.231546211728 
9 5 7.2801098892805 2 3.1622776601684 5.6568542494924 8.6023252670426 11.313708498985 10.440306508911 11.180339887499 16.643316977093 14.866068747319 
10 4 8.2462112512353 2.2360679774998 3 6.4031242374328 9.2195444572929 12.041594578792 10.770329614269 11.045361017187 17.204650534085 14.560219778561 
11 3 9.2195444572929 2.8284271247462 3.1622776601684 7.211102550928 9.8994949366117 12.806248474866 11.180339887499 11 17.804493814765 14.317821063276 
12 2 10.198039027186 3.605551275464 3.605551275464 8.0622577482985 10.630145812735 13.601470508735 11.661903789691 11.045361017187 18.439088914586 14.142135623731 
13 1 11.180339887499 4.4721359549996 4.2426406871193 8.9442719099992 11.401754250991 14.422205101856 12.206555615734 11.180339887499 19.104973174543 14.035668847618 
14 0 12.165525060596 5.3851648071345 5 9.8488578017961 12.206555615734 15.264337522474 12.806248474866 11.401754250991 19.798989873223 14 
14.035668847618 1 12.041594578792 5.0990195135928 4.4721359549996 9.4868329805051 11.661903789691 14.764823060233 12.041594578792 10.440306508911 19.104973174543 13 
14.142135623731 2 12 5 4.1231056256177 9.2195444572929 11.180339887499 14.317821063276 11.313708498985 9.4868329805051 18.439088914586 12 
14.317821063276 3 12.041594578792 5.0990195135928 4 9.0553851381374 10.770329614269 13.928388277184 10.630145812735 8.5440037453175 17.804493814765 11 
14.560219778561 4 12.165525060596 5.3851648071345 4.1231056256177 9 10.440306508911 13.601470508735 10 7.6157731058639 17.204650534085 10 
14.866068747319 5 12.369316876853 5.8309518948453 4.4721359549996 9.0553851381374 10.198039027186 13.341664064126 9.4339811320566 6.7082039324994 16.643316977093 9 
15.231546211728 6 12.649110640674 6.4031242374328 5 9.2195444572929 10.049875621121 13.152946437966 8.9442719099992 5.8309518948453 16.124515496597 8 
15.652475842499 7 13 7.0710678118655 5.6568542494924 9.4868329805051 10 13.038404810405 8.5440037453175 5 15.652475842499 7 
16.124515496597 8 13.416407864999 7.8102496759067 6.4031242374328 9.8488578017961 10.049875621121 13 8.2462112512353 4.2426406871193 15.231546211728 6 
16.643316977093 9 13.89244398945 8.6023252670426 7.211102550928 10.295630140987 10.198039027186 13.038404810405 8.0622577482985 3.605551275464 14.866068747319 5 
17.204650534085 10 14.422205101856 9.4339811320566 8.0622577482985 10.816653826392 10.440306508911 13.152946437966 8 3.1622776601684 14.560219778561 4 
17.804493814765 11 15 10.295630140987 8.9442719099992 11.401754250991 10.770329614269 13.341664064126 8.0622577482985 3 14.317821063276 3 
18.439088914586 12 15.620499351813 11.180339887499 9.8488578017961 12.041594578792 11.180339887499 13.601470508735 8.2462112512353 3.1622776601684 14.142135623731 2 
19.104973174543 13 16.2788205961 12.083045973595 10.770329614269 12.727922061358 11.661903789691 13.928388277184 8.5440037453175 3.605551275464 14.035668847618 1 
19.798989873223 14 16.970562748477 13 11.70469991072 13.453624047074 12.206555615734 14.317821063276 8.9442719099992 4.2426406871193 14 0 
19.104973174543 14.035668847618 16.2788205961 12.649110640674 11.401754250991 12.806248474866 11.401754250991 13.416407864999 8.0622577482985 3.605551275464 13 1 
18.439088914586 14.142135623731 15.620499351813 12.369316876853 11.180339887499 12.206555615734 10.630145812735 12.529964086142 7.211102550928 3.1622776601684 12 2 
17.804493814765 14.317821063276 15 12.165525060596 11.045361017187 11.661903789691 9.8994949366117 11.661903789691 6.4031242374328 3 11 3 
17.204650534085 14.560219778561 14.422205101856 12.041594578792 11 11.180339887499 9.2195444572929 10.816653826392 5.6568542494924 3.1622776601684 10 4 
16.643316977093 14.866068747319 13.89244398945 12 11.045361017187 10.770329614269 8.6023252670426 10 5 3.605551275464 9 5 
16.124515496597 15.231546211728 13.416407864999 12.041594578792 11.180339887499 10.440306508911 8.0622577482985 9.2195444572929 4.4721359549996 4.2426406871193 8 6 
15.652475842499 15.652475842499 13 12.165525060596 11.401754250991 10.198039027186 7.6157731058639 8.4852813742386 4.1231056256177 5 7 7 
15.231546211728 16.124515496597 12.649110640674 12.369316876853 11.70469991072 10.049875621121 7.2801098892805 7.8102496759067 4 5.8309518948453 6 8 
14.866068747319 16.643316977093 12.369316876853 12.649110640674 12.083045973595 10 7.0710678118655 7.211102550928 4.1231056256177 6.7082039324994 5 9 
14.560219778561 17.204650534085 12.165525060596 13 12.529964086142 10.049875621121 7 6.7082039324994 4.4721359549996 7.6157731058639 4 10 
14.317821063276 17.804493814765 12.041594578792 13.416407864999 13.038404810405 10.198039027186 7.0710678118655 6.3245553203368 5 8.5440037453175 3 11 
14.142135623731 18.439088914586 12 13.89244398945 13.601470508735 10.440306508911 7.2801098892805 6.0827625302982 5.6568542494924 9.4868329805051 2 12 
14.035668847618 19.104973174543 12.041594578792 14.422205101856 14.212670403552 10.770329614269 7.6157731058639 6 6.4031242374328 10.440306508911 1 13 
14 19.798989873223 12.165525060596 15 14.866068747319 11.180339887499 8.0622577482985 6.0827625302982 7.211102550928 11.401754250991 0 14 
13 19.104973174543 11.180339887499 14.212670403552 14.142135623731 10.295630140987 7.211102550928 5.0990195135928 6.7082039324994 11.180339887499 1 14.035668847618 
12 18.439088914586 10.198039027186 13.453624047074 13.453624047074 9.4339811320566 6.4031242374328 4.1231056256177 6.3245553203368 11.045361017187 2 14.142135623731 
11 17.804493814765 9.2195444572929 12.727922061358 12.806248474866 8.6023252670426 5.6568542494924 3.1622776601684 6.0827625302982 11 3 14.317821063276 
10 17.204650534085 8.2462112512353 12.041594578792 12.206555615734 7.8102496759067 5 2.2360679774998 6 11.045361017187 4 14.560219778561 
9 16.643316977093 7.2801098892805 11.401754250991 11.661903789691 7.0710678118655 4.4721359549996 1.4142135623731 6.0827625302982 11.180339887499 5 14.866068747319 
8 16.124515496597 6.3245553203368 10.816653826392 11.180339887499 6.4031242374328 4.1231056256177 1 6.3245553203368 11.401754250991 6 15.231546211728 
7 15.652475842499 5.3851648071345 10.295630140987 10.770329614269 5.8309518948453 4 1.4142135623731 6.7082039324994 11.70469991072 7 15.652475842499 
6 15.231546211728 4.4721359549996 9.8488578017961 10.440306508911 5.3851648071345 4.1231056256177 2.2360679774998 7.211102550928 12.083045973595 8 16.124515496597 
5 14.866068747319 3.605551275464 9.4868329805051 10.198039027186 5.0990195135928 4.4721359549996 3.1622776601684 7.8102496759067 12.529964086142 9 16.643316977093 
4 14.560219778561 2.8284271247462 9.2195444572929 10.049875621121 5 5 4.1231056256177 8.4852813742386 13.038404810405 10 17.204650534085 
3 14.317821063276 2.2360679774998 9.0553851381374 10 5.0990195135928 5.6568542494924 5.0990195135928 9.2195444572929 13.601470508735 11 17.804493814765 
2 14.142135623731 2 9 10.049875621121 5.3851648071345 6.4031242374328 6.0827625302982 10 14.212670403552 12 18.439088914586 
1 14.035668847618 2.2360679774998 9.0553851381374 10.198039027186 5.8309518948453 7.211102550928 7.0710678118655 10.816653826392 14.866068747319 13 19.104973174543 
0 14 2.8284271247462 9.2195444572929 10.440306508911 6.4031242374328 8.0622577482985 8.0622577482985 11.661903789691 15.556349186104 14 19.798989873223 
1 13 2.2360679774998 8.2462112512353 9.4868329805051 5.6568542494924 7.6157731058639 8 11.180339887499 14.866068747319 14.035668847618 19.104973174543 
2 12 2 7.2801098892805 8.5440037453175 5 7.2801098892805 8.0622577482985 10.770329614269 14.212670403552 14.142135623731 18.439088914586 
3 11 2.2360679774998 6.3245553203368 7.6157731058639 4.4721359549996 7.0710678118655 8.2462112512353 10.440306508911 13.601470508735 14.317821063276 17.804493814765 
4 10 2.8284271247462 5.3851648071345 6.7082039324994 4.1231056256177 7 8.5440037453175 10.198039027186 13.038404810405 14.560219778561 17.204650534085 
5 9 3.605551275464 4.4721359549996 5.8309518948453 4 7.0710678118655 8.9442719099992 10.049875621121 12.529964086142 14.866068747319 16.643316977093 
6 8 4.4721359549996 3.605551275464 5 4.1231056256177 7.2801098892805 9.4339811320566 10 12.083045973595 15.231546211728 16.124515496597 
7 7 5.3851648071345 2.8284271247462 4.2426406871193 4.4721359549996 7.6157731058639 10 10.049875621121 11.70469991072 15.652475842499 15.652475842499 
8 6 6.3245553203368 2.2360679774998 3.605551275464 5 8.0622577482985 10.630145812735 10.198039027186 11.401754250991 16.124515496597 15.231546211728 
9 5 7.2801098892805 2 3.1622776601684 5.6568542494924 8.6023252670426 11.313708498985 10.440306508911 11.180339887499 16.643316977093 14.866068747319 
10 4 8.2462112512353 2.2360679774998 3 6.4031242374328 9.2195444572929 12.041594578792 10.770329614269 11.045361017187 17.204650534085 14.560219778561 
11 3 9.2195444572929 2.8284271247462 3.1622776601684 7.211102550928 9.8994949366117 12.806248474866 11.180339887499 11 17.804493814765 14.317821063276 
12 2 10.198039027186 3.605551275464 3.605551275464 8.0622577482985 10.630145812735 13.601470508735 11.661903789691 11.045361017187 18.439088914586 14.142135623731 
13 1 11.180339887499 4.4721359549996 4.2426406871193 8.9442719099992 11.401754250991 14.422205101856 12.206555615734 11.180339887499 19.104973174543 14.035668847618 
14 0 12.165525060596 5.3851648071345 5 9.8488578017961 12.206555615734 15.264337522474 12.806248474866 11.401754250991 19.798989873223 14 
14.035668847618 1 12.041594578792 5.0990195135928 4.4721359549996 9.4868329805051 11.661903789691 14.764823060233 12.041594578792 10.440306508911 19.104973174543 13 
14.142135623731 2 12 5 4.1231056256177 9.2195444572929 11.180339887499 14.317821063276 11.313708498985 9.4868329805051 18.439088914586 12 
14.317821063276 3 12.041594578792 5.0990195135928 4 9.0553851381374 10.770329614269 13.928388277184 10.630145812735 8.5440037453175 17.804493814765 11 
14.560219778561 4 12.165525060596 5.3851648071345 4.1231056256177 9 10.440306508911 13.601470508735 10 7.6157731058639 17.204650534085 10 
14.866068747319 5 12.369316876853 5.8309518948453 4.4721359549996 9.0553851381374 10.198039027186 13.341664064126 9.4339811320566 6.7082039324994 16.643316977093 9 
15.231546211728 6 12.649110640674 6.4031242374328 5 9.2195444572929 10.049875621121 13.152946437966 8.9442719099992 5.8309518948453 16.124515496597 8 
15.652475842499 7 13 7.0710678118655 5.6568542494924 9.4868329805051 10 13.038404810405 8.5440037453175 5 15.652475842499 7 
16.124515496597 8 13.416407864999 7.8102496759067 6.4031242374328 9.8488578017961 10.049875621121 13 8.2462112512353 4.2426406871193 15.231546211728 6 
16.643316977093 9 13.89244398945 8.6023252670426 7.211102550928 10.295630140987 10.198039027186 13.038404810405 8.0622577482985 3.605551275464 14.866068747319 5 
17.204650534085 10 14.422205101856 9.4339811320566 8.0622577482985 10.816653826392 10.440306508911 13.152946437966 8 3.1622776601684 14.560219778561 4 
17.804493814765 11 15 10.295630140987 8.9442719099992 11.401754250991 10.770329614269 13.341664064126 8.0622577482985 3 14.317821063276 3 
18.439088914586 12 15.620499351813 11.180339887499 9.8488578017961 12.041594578792 11.180339887499 13.601470508735 8.2462112512353 3.1622776601684 14.142135623731 2 
19.104973174543 13 16.2788205961 12.083045973595 10.770329614269 12.727922061358 11.661903789691 13.928388277184 8.5440037453175 3.605551275464 14.035668847618 1 
19.798989873223 14 16.970562748477 13 11.70469991072 13.453624047074 12.206555615734 14.317821063276 8.9442719099992 4.2426406871193 14 0 
19.104973174543 14.035668847618 16.2788205961 12.649110640674 11.401754250991 12.806248474866 11.401754250991 13.416407864999 8.0622577482985 3.605551275464 13 1 
18.439088914586 14.142135623731 15.620499351813 12.369316876853 11.180339887499 12.206555615734 10.630145812735 12.529964086142 7.211102550928 3.1622776601684 12 2 
17.804493814765 14.317821063276 15 12.165525060596 11.045361017187 11.661903789691 9.8994949366117 11.661903789691 6.4031242374328 3 11 3 
17.204650534085 14.560219778561 14.422205101856 12.041594578792 11 11.180339887499 9.2195444572929 10.816653826392 5.6568542494924 3.1622776601684 10 4 
16.643316977093 14.866068747319 13.89244398945 12 11.045361017187 10.770329614269 8.6023252670426 10 5 3.605551275464 9 5 
16.124515496597 15.231546211728 13.416407864999 12.041594578792 11.180339887499 10.440306508911 8.0622577482985 9.2195444572929 4.4721359549996 4.2426406871193 8 6 
15.652475842499 15.652475842499 13 12.165525060596 11.401754250991 10.198039027186 7.6157731058639 8.4852813742386 4.1231056256177 5 7 7 
15.231546211728 16.124515496597 12.649110640674 12.369316876853 11.70469991072 10.049875621121 7.2801098892805 7.8102496759067 4 5.8309518948453 6 8 
14.866068747319 16.643316977093 12.369316876853 12.649110640674 12.083045973595 10 7.0710678118655 7.211102550928 4.1231056256177 6.7082039324994 5 9 
14.560219778561 17.204650534085 12.165525060596 13 12.529964086142 10.049875621121 7 6.7082039324994 4.4721359549996 7.6157731058639 4 10 
14.317821063276 17.804493814765 12.041594578792 13.416407864999 13.038404810405 10.198039027186 7.0710678118655 6.3245553203368 5 8.5440037453175 3 11 
14.142135623731 18.439088914586 12 13.89244398945 13.601470508735 10.440306508911 7.2801098892805 6.0827625302982 5.6568542494924 9.4868329805051 2 12 
14.035668847618 19.104973174543 12.041594578792 14.422205101856 14.212670403552 10.770329614269 7.6157731058639 6 6.4031242374328 10.440306508911 1 13 
14 19.798989873223 12.165525060596 15 14.866068747319 11.180339887499 8.0622577482985 6.0827625302982 7.211102550928 11.401754250991 0 14 
13 19.104973174543 11.180339887499 14.212670403552 14.142135623731 10.295630140987 7.211102550928 5.0990195135928 6.7082039324994 11.180339887499 1 14.035668847618 
12 18.439088914586 10.198039027186 13.453624047074 13.453624047074 9.4339811320566 6.4031242374328 4.1231056256177 6.3245553203368 11.045361017187 2 14.142135623731 
11 17.804493814765 9.2195444572929 12.727922061358 12.806248474866 8.6023252670426 5.6568542494924 3.1622776601684 6.0827625302982 11 3 14.317821063276 
10 17.204650534085 8.2462112512353 12.041594578792 12.206555615734 7.8102496759067 5 2.2360679774998 6 11.045361017187 4 14.560219778561 
9 16.643316977093 7.2801098892805 11.401754250991 11.661903789691 7.0710678118655 4.4721359549996 1.4142135623731 6.0827625302982 11.180339887499 5 14.866068747319 
8 16.124515496597 6.3245553203368 10.816653826392 11.180339887499 6.4031242374328 4.1231056256177 1 6.3245553203368 11.401754250991 6 15.231546211728 
7 15.652475842499 5.3851648071345 10.295630140987 10.770329614269 5.8309518948453 4 1.4142135623731 6.7082039324994 11.70469991072 7 15.652475842499 
6 15.231546211728 4.4721359549996 9.8488578017961 10.440306508911 5.3851648071345 4.1231056256177 2.2360679774998 7.211102550928 12.083045973595 8 16.124515496597 
5 14.866068747319 3.605551275464 9.4868329805051 10.198039027186 5.0990195135928 4.4721359549996 3.1622776601684 7.8102496759067 12.529964086142 9 16.643316977093 
4 14.560219778561 2.8284271247462 9.2195444572929 10.049875621121 5 5 4.1231056256177 8.4852813742386 13.038404810405 10 17.204650534085 
3 14.317821063276 2.2360679774998 9.0553851381374 10 5.0990195135928 5.6568542494924 5.0990195135928 9.2195444572929 13.601470508735 11 17.804493814765 
2 14.142135623731 2 9 10.049875621121 5.3851648071345 6.4031242374328 6.0827625302982 10 14.212670403552 12 18.439088914586 
1 14.035668847618 2.2360679774998 9.0553851381374 10.198039027186 5.8309518948453 7.211102550928 7.0710678118655 10.816653826392 14.866068747319 13 19.104973174543 
0 14 2.8284271247462 9.2195444572929 10.440306508911 6.4031242374328 8.0622577482985 8.0622577482985 11.661903789691 15.556349186104 14 19.798989873223 
1 13 2.2360679774998 8.2462112512353 9.4868329805051 5.6568542494924 7.6157731058639 8 11.180339887499 14.866068747319 14.035668847618 19.104973174543 
2 12 2 7.2801098892805 8.5440037453175 5 7.2801098892805 8.0622577482985 10.770329614269 14.212670403552 14.142135623731 18.439088914586 
3 11 2.2360679774998 6.3245553203368 7.6157731058639 4.4721359549996 7.0710678118655 8.2462112512353 10.440306508911 13.601470508735 14.317821063276 17.804493814765 
4 10 2.8284271247462 5.3851648071345 6.7082039324994 4.1231056256177 7 8.5440037453175 10.198039027186 13.038404810405 14.560219778561 17.204650534085 
5 9 3.605551275464 4.4721359549996 5.8309518948453 4 7.0710678118655 8.9442719099992 10.049875621121 12.529964086142 14.866068747319 16.643316977093 
6 8 4.4721359549996 3.605551275464 5 4.1231056256177 7.2801098892805 9.4339811320566 10 12.083045973595 15.231546211728 16.124515496597 
7 7 5.3851648071345 2.8284271247462 4.2426406871193 4.4721359549996 7.6157731058639 10 10.049875621121 11.70469991072 15.652475842499 15.652475842499 
8 6 6.3245553203368 2.2360679774998 3.605551275464 5 8.0622577482985 10.630145812735 10.198039027186 11.401754250991 16.124515496597 15.231546211728 
9 5 7.2801098892805 2 3.1622776601684 5.6568542494924 8.6023252670426 11.313708498985 10.440306508911 11.180339887499 16.643316977093 14.866068747319 
10 4 8.2462112512353 2.2360679774998 3 6.4031242374328 9.2195444572929 12.041594578792 10.770329614269 11.045361017187 17.204650534085 14.560219778561 
11 3 9.2195444572929 2.8284271247462 3.1622776601684 7.211102550928 9.8994949366117 12.806248474866 11.180339887499 11 17.804493814765 14.317821063276 
12 2 10.198039027186 3.605551275464 3.605551275464 8.0622577482985 10.630145812735 13.601470508735 11.661903789691 11.045361017187 18.439088914586 14.142135623731 
13 1 11.180339887499 4.4721359549996 4.2426406871193 8.9442719099992 11.401754250991 14.422205101856 12.206555615734 11.180339887499 19.104973174543 14.035668847618 
14 0 12.165525060596 5.3851648071345 5 9.8488578017961 12.206555615734 15.264337522474 12.806248474866 11.401754250991 19.798989873223 14 
