9.2195444572929 9.2195444572929 6.4031242374328 4.4721359549996 4.2426406871193 2.8284271247462 3.1622776601684 6.3245553203368 4.1231056256177 6.4031242374328 10.630145812735 10.630145812735 
8.6023252670426 8.6023252670426 5.8309518948453 3.605551275464 3.605551275464 2.2360679774998 3.605551275464 6.7082039324994 5.0990195135928 7.211102550928 11.401754250991 11.401754250991 
8.0622577482985 8.0622577482985 5.3851648071345 2.8284271247462 3.1622776601684 2 4.2426406871193 7.211102550928 6.0827625302982 8.0622577482985 12.206555615734 12.206555615734 
7.6157731058639 7.6157731058639 5.0990195135928 2.2360679774998 3 2.2360679774998 5 7.8102496759067 7.0710678118655 8.9442719099992 13.038404810405 13.038404810405 
7.2801098892805 7.2801098892805 5 2 3.1622776601684 2.8284271247462 5.8309518948453 8.4852813742386 8.0622577482985 9.8488578017961 13.89244398945 13.89244398945 
7.0710678118655 7.0710678118655 5.0990195135928 2.2360679774998 3.605551275464 3.605551275464 6.7082039324994 9.2195444572929 9.0553851381374 10.770329614269 14.764823060233 14.764823060233 
7 7 5.3851648071345 2.8284271247462 4.2426406871193 4.4721359549996 7.6157731058639 10 10.049875621121 11.70469991072 15.652475842499 15.652475842499 
7.0710678118655 7.0710678118655 5.0990195135928 2.2360679774998 3.605551275464 3.605551275464 6.7082039324994 9.2195444572929 9.0553851381374 10.770329614269 14.764823060233 14.764823060233 
7.2801098892805 7.2801098892805 5 2 3.1622776601684 2.8284271247462 5.8309518948453 8.4852813742386 8.0622577482985 9.8488578017961 13.89244398945 13.89244398945 
7.6157731058639 7.6157731058639 5.0990195135928 2.2360679774998 3 2.2360679774998 5 7.8102496759067 7.0710678118655 8.9442719099992 13.038404810405 13.038404810405 
8.0622577482985 8.0622577482985 5.3851648071345 2.8284271247462 3.1622776601684 2 4.2426406871193 7.211102550928 6.0827625302982 8.0622577482985 12.206555615734 12.206555615734 
8.6023252670426 8.6023252670426 5.8309518948453 3.605551275464 3.605551275464 2.2360679774998 3.605551275464 6.7082039324994 5.0990195135928 7.211102550928 11.401754250991 11.401754250991 
9.2195444572929 9.2195444572929 6.4031242374328 4.4721359549996 4.2426406871193 2.8284271247462 3.1622776601684 6.3245553203368 4.1231056256177 6.4031242374328 10.630145812735 10.630145812735 
9.8994949366117 9.8994949366117 7.0710678118655 5.3851648071345 5 3.605551275464 3 6.0827625302982 3.1622776601684 5.6568542494924 9.8994949366117 9.8994949366117 
10.630145812735 10.630145812735 7.8102496759067 6.3245553203368 5.8309518948453 4.4721359549996 3.1622776601684 6 2.2360679774998 5 9.2195444572929 9.2195444572929 
11.401754250991 11.401754250991 8.6023252670426 7.2801098892805 6.7082039324994 5.3851648071345 3.605551275464 6.0827625302982 1.4142135623731 4.4721359549996 8.6023252670426 8.6023252670426 
12.206555615734 12.206555615734 9.4339811320566 8.2462112512353 7.6157731058639 6.3245553203368 4.2426406871193 6.3245553203368 1 4.1231056256177 8.0622577482985 8.0622577482985 
13.038404810405 13.038404810405 10.295630140987 9.2195444572929 8.5440037453175 7.2801098892805 5 6.7082039324994 1.4142135623731 4 7.6157731058639 7.6157731058639 
13.89244398945 13.89244398945 11.180339887499 10.198039027186 9.4868329805051 8.2462112512353 5.8309518948453 7.211102550928 2.2360679774998 4.1231056256177 7.2801098892805 7.2801098892805 
14.764823060233 14.764823060233 12.083045973595 11.180339887499 10.440306508911 9.2195444572929 6.7082039324994 7.8102496759067 3.1622776601684 4.4721359549996 7.0710678118655 7.0710678118655 
15.652475842499 15.652475842499 13 12.165525060596 11.401754250991 10.198039027186 7.6157731058639 8.4852813742386 4.1231056256177 5 7 7 
14.764823060233 14.764823060233 12.083045973595 11.180339887499 10.440306508911 9.2195444572929 6.7082039324994 7.8102496759067 3.1622776601684 4.4721359549996 7.0710678118655 7.0710678118655 
13.89244398945 13.89244398945 11.180339887499 10.198039027186 9.4868329805051 8.2462112512353 5.8309518948453 7.211102550928 2.2360679774998 4.1231056256177 7.2801098892805 7.2801098892805 
13.038404810405 13.038404810405 10.295630140987 9.2195444572929 8.5440037453175 7.2801098892805 5 6.7082039324994 1.4142135623731 4 7.6157731058639 7.6157731058639 
12.206555615734 12.206555615734 9.4339811320566 8.2462112512353 7.6157731058639 6.3245553203368 4.2426406871193 6.3245553203368 1 4.1231056256177 8.0622577482985 8.0622577482985 
11.401754250991 11.401754250991 8.6023252670426 7.2801098892805 6.7082039324994 5.3851648071345 3.605551275464 6.0827625302982 1.4142135623731 4.4721359549996 8.6023252670426 8.6023252670426 
10.630145812735 10.630145812735 7.8102496759067 6.3245553203368 5.8309518948453 4.4721359549996 3.1622776601684 6 2.2360679774998 5 9.2195444572929 9.2195444572929 
9.8994949366117 9.8994949366117 7.0710678118655 5.3851648071345 5 3.605551275464 3 6.0827625302982 3.1622776601684 5.6568542494924 9.8994949366117 9.8994949366117 
9.2195444572929 9.2195444572929 6.4031242374328 4.4721359549996 4.2426406871193 2.8284271247462 3.1622776601684 6.3245553203368 4.1231056256177 6.4031242374328 10.630145812735 10.630145812735 
8.6023252670426 8.6023252670426 5.8309518948453 3.605551275464 3.605551275464 2.2360679774998 3.605551275464 6.7082039324994 5.0990195135928 7.211102550928 11.401754250991 11.401754250991 
8.0622577482985 8.0622577482985 5.3851648071345 2.8284271247462 3.1622776601684 2 4.2426406871193 7.211102550928 6.0827625302982 8.0622577482985 12.206555615734 12.206555615734 
7.6157731058639 7.6157731058639 5.0990195135928 2.2360679774998 3 2.2360679774998 5 7.8102496759067 7.0710678118655 8.9442719099992 13.038404810405 13.038404810405 
7.2801098892805 7.2801098892805 5 2 3.1622776601684 2.8284271247462 5.8309518948453 8.4852813742386 8.0622577482985 9.8488578017961 13.89244398945 13.89244398945 
7.0710678118655 7.0710678118655 5.0990195135928 2.2360679774998 3.605551275464 3.605551275464 6.7082039324994 9.2195444572929 9.0553851381374 10.770329614269 14.764823060233 14.764823060233 
7 7 5.3851648071345 2.8284271247462 4.2426406871193 4.4721359549996 7.6157731058639 10 10.049875621121 11.70469991072 15.652475842499 15.652475842499 
7.0710678118655 7.0710678118655 5.0990195135928 2.2360679774998 3.605551275464 3.605551275464 6.7082039324994 9.2195444572929 9.0553851381374 10.770329614269 14.764823060233 14.764823060233 
7.2801098892805 7.2801098892805 5 2 3.1622776601684 2.8284271247462 5.8309518948453 8.4852813742386 8.0622577482985 9.8488578017961 13.89244398945 13.89244398945 
7.6157731058639 7.6157731058639 5.0990195135928 2.2360679774998 3 2.2360679774998 5 7.8102496759067 7.0710678118655 8.9442719099992 13.038404810405 13.038404810405 
8.0622577482985 8.0622577482985 5.3851648071345 2.8284271247462 3.1622776601684 2 4.2426406871193 7.211102550928 6.0827625302982 8.0622577482985 12.206555615734 12.206555615734 
8.6023252670426 8.6023252670426 5.8309518948453 3.605551275464 3.605551275464 2.2360679774998 3.605551275464 6.7082039324994 5.0990195135928 7.211102550928 11.401754250991 11.401754250991 
9.2195444572929 9.2195444572929 6.4031242374328 4.4721359549996 4.2426406871193 2.8284271247462 3.1622776601684 6.3245553203368 4.1231056256177 6.4031242374328 10.630145812735 10.630145812735 
9.8994949366117 9.8994949366117 7.0710678118655 5.3851648071345 5 3.605551275464 3 6.0827625302982 3.1622776601684 5.6568542494924 9.8994949366117 9.8994949366117 
10.630145812735 10.630145812735 7.8102496759067 6.3245553203368 5.8309518948453 4.4721359549996 3.1622776601684 6 2.2360679774998 5 9.2195444572929 9.2195444572929 
11.401754250991 11.401754250991 8.6023252670426 7.2801098892805 6.7082039324994 5.3851648071345 3.605551275464 6.0827625302982 1.4142135623731 4.4721359549996 8.6023252670426 8.6023252670426 
12.206555615734 12.206555615734 9.4339811320566 8.2462112512353 7.6157731058639 6.3245553203368 4.2426406871193 6.3245553203368 1 4.1231056256177 8.0622577482985 8.0622577482985 
13.038404810405 13.038404810405 10.295630140987 9.2195444572929 8.5440037453175 7.2801098892805 5 6.7082039324994 1.4142135623731 4 7.6157731058639 7.6157731058639 
13.89244398945 13.89244398945 11.180339887499 10.198039027186 9.4868329805051 8.2462112512353 5.8309518948453 7.211102550928 2.2360679774998 4.1231056256177 7.2801098892805 7.2801098892805 
14.764823060233 14.764823060233 12.083045973595 11.180339887499 10.440306508911 9.2195444572929 6.7082039324994 7.8102496759067 3.1622776601684 4.4721359549996 7.0710678118655 7.0710678118655 
15.652475842499 15.652475842499 13 12.165525060596 11.401754250991 10.198039027186 7.6157731058639 8.4852813742386 4.1231056256177 5 7 7 
14.764823060233 14.764823060233 12.083045973595 11.180339887499 10.440306508911 9.2195444572929 6.7082039324994 7.8102496759067 3.1622776601684 4.4721359549996 7.0710678118655 7.0710678118655 
13.89244398945 13.89244398945 11.180339887499 10.198039027186 9.4868329805051 8.2462112512353 5.8309518948453 7.211102550928 2.2360679774998 4.1231056256177 7.2801098892805 7.2801098892805 
13.038404810405 13.038404810405 10.295630140987 9.2195444572929 8.5440037453175 7.2801098892805 5 6.7082039324994 1.4142135623731 4 7.6157731058639 7.6157731058639 
12.206555615734 12.206555615734 9.4339811320566 8.2462112512353 7.6157731058639 6.3245553203368 4.2426406871193 6.3245553203368 1 4.1231056256177 8.0622577482985 8.0622577482985 
11.401754250991 11.401754250991 8.6023252670426 7.2801098892805 6.7082039324994 5.3851648071345 3.605551275464 6.0827625302982 1.4142135623731 4.4721359549996 8.6023252670426 8.6023252670426 
10.630145812735 10.630145812735 7.8102496759067 6.3245553203368 5.8309518948453 4.4721359549996 3.1622776601684 6 2.2360679774998 5 9.2195444572929 9.2195444572929 
9.8994949366117 9.8994949366117 7.0710678118655 5.3851648071345 5 3.605551275464 3 6.0827625302982 3.1622776601684 5.6568542494924 9.8994949366117 9.8994949366117 
9.2195444572929 9.2195444572929 6.4031242374328 4.4721359549996 4.2426406871193 2.8284271247462 3.1622776601684 6.3245553203368 4.1231056256177 6.4031242374328 10.630145812735 10.630145812735 
8.6023252670426 8.6023252670426 5.8309518948453 3.605551275464 3.605551275464 2.2360679774998 3.605551275464 6.7082039324994 5.0990195135928 7.211102550928 11.401754250991 11.401754250991 
8.0622577482985 8.0622577482985 5.3851648071345 2.8284271247462 3.1622776601684 2 4.2426406871193 7.211102550928 6.0827625302982 8.0622577482985 12.206555615734 12.206555615734 
7.6157731058639 7.6157731058639 5.0990195135928 2.2360679774998 3 2.2360679774998 5 7.8102496759067 7.0710678118655 8.9442719099992 13.038404810405 13.038404810405 
7.2801098892805 7.2801098892805 5 2 3.1622776601684 2.8284271247462 5.8309518948453 8.4852813742386 8.0622577482985 9.8488578017961 13.89244398945 13.89244398945 
7.0710678118655 7.0710678118655 5.0990195135928 2.2360679774998 3.605551275464 3.605551275464 6.7082039324994 9.2195444572929 9.0553851381374 10.770329614269 14.764823060233 14.764823060233 
7 7 5.3851648071345 2.8284271247462 4.2426406871193 4.4721359549996 7.6157731058639 10 10.049875621121 11.70469991072 15.652475842499 15.652475842499 
7.0710678118655 7.0710678118655 5.0990195135928 2.2360679774998 3.605551275464 3.605551275464 6.7082039324994 9.2195444572929 9.0553851381374 10.770329614269 14.764823060233 14.764823060233 
7.2801098892805 7.2801098892805 5 2 3.1622776601684 2.8284271247462 5.8309518948453 8.4852813742386 8.0622577482985 9.8488578017961 13.89244398945 13.89244398945 
7.6157731058639 7.6157731058639 5.0990195135928 2.2360679774998 3 2.2360679774998 5 7.8102496759067 7.0710678118655 8.9442719099992 13.038404810405 13.038404810405 
8.0622577482985 8.0622577482985 5.3851648071345 2.8284271247462 3.1622776601684 2 4.2426406871193 7.211102550928 6.0827625302982 8.0622577482985 12.206555615734 12.206555615734 
8.6023252670426 8.6023252670426 5.8309518948453 3.605551275464 3.605551275464 2.2360679774998 3.605551275464 6.7082039324994 5.0990195135928 7.211102550928 11.401754250991 11.401754250991 
9.2195444572929 9.2195444572929 6.4031242374328 4.4721359549996 4.2426406871193 2.8284271247462 3.1622776601684 6.3245553203368 4.1231056256177 6.4031242374328 10.630145812735 10.630145812735 
9.8994949366117 9.8994949366117 7.0710678118655 5.3851648071345 5 3.605551275464 3 6.0827625302982 3.1622776601684 5.6568542494924 9.8994949366117 9.8994949366117 
10.630145812735 10.630145812735 7.8102496759067 6.3245553203368 5.8309518948453 4.4721359549996 3.1622776601684 6 2.2360679774998 5 9.2195444572929 9.2195444572929 
11.401754250991 11.401754250991 8.6023252670426 7.2801098892805 6.7082039324994 5.3851648071345 3.605551275464 6.0827625302982 1.4142135623731 4.4721359549996 8.6023252670426 8.6023252670426 
12.206555615734 12.206555615734 9.4339811320566 8.2462112512353 7.6157731058639 6.3245553203368 4.2426406871193 6.3245553203368 1 4.1231056256177 8.0622577482985 8.0622577482985 
13.038404810405 13.038404810405 10.295630140987 9.2195444572929 8.5440037453175 7.2801098892805 5 6.7082039324994 1.4142135623731 4 7.6157731058639 7.6157731058639 
13.89244398945 13.89244398945 11.180339887499 10.198039027186 9.4868329805051 8.2462112512353 5.8309518948453 7.211102550928 2.2360679774998 4.1231056256177 7.2801098892805 7.2801098892805 
14.764823060233 14.764823060233 12.083045973595 11.180339887499 10.440306508911 9.2195444572929 6.7082039324994 7.8102496759067 3.1622776601684 4.4721359549996 7.0710678118655 7.0710678118655 
15.652475842499 15.652475842499 13 12.165525060596 11.401754250991 10.198039027186 7.6157731058639 8.4852813742386 4.1231056256177 5 7 7 
14.764823060233 14.764823060233 12.083045973595 11.180339887499 10.440306508911 9.2195444572929 6.7082039324994 7.8102496759067 3.1622776601684 4.4721359549996 7.0710678118655 7.0710678118655 
13.89244398945 13.89244398945 11.180339887499 10.198039027186 9.4868329805051 8.2462112512353 5.8309518948453 7.211102550928 2.2360679774998 4.1231056256177 7.2801098892805 7.2801098892805 
13.038404810405 13.038404810405 10.295630140987 9.2195444572929 8.5440037453175 7.2801098892805 5 6.7082039324994 1.4142135623731 4 7.6157731058639 7.6157731058639 
12.206555615734 12.206555615734 9.4339811320566 8.2462112512353 7.6157731058639 6.3245553203368 4.2426406871193 6.3245553203368 1 4.1231056256177 8.0622577482985 8.0622577482985 
11.401754250991 11.401754250991 8.6023252670426 7.2801098892805 6.7082039324994 5.3851648071345 3.605551275464 6.0827625302982 1.4142135623731 4.4721359549996 8.6023252670426 8.6023252670426 
10.630145812735 10.630145812735 7.8102496759067 6.3245553203368 5.8309518948453 4.4721359549996 3.1622776601684 6 2.2360679774998 5 9.2195444572929 9.2195444572929 
9.8994949366117 9.8994949366117 7.0710678118655 5.3851648071345 5 3.605551275464 3 6.0827625302982 3.1622776601684 5.6568542494924 9.8994949366117 9.8994949366117 
9.2195444572929 9.2195444572929 6.4031242374328 4.4721359549996 4.2426406871193 2.8284271247462 3.1622776601684 6.3245553203368 4.1231056256177 6.4031242374328 10.630145812735 10.630145812735 
8.6023252670426 8.6023252670426 5.8309518948453 3.605551275464 3.605551275464 2.2360679774998 3.605551275464 6.7082039324994 5.0990195135928 7.211102550928 11.401754250991 11.401754250991 
8.0622577482985 8.0622577482985 5.3851648071345 2.8284271247462 3.1622776601684 2 4.2426406871193 7.211102550928 6.0827625302982 8.0622577482985 12.206555615734 12.206555615734 
7.6157731058639 7.6157731058639 5.0990195135928 2.2360679774998 3 2.2360679774998 5 7.8102496759067 7.0710678118655 8.9442719099992 13.038404810405 13.038404810405 
7.2801098892805 7.2801098892805 5 2 3.1622776601684 2.8284271247462 5.8309518948453 8.4852813742386 8.0622577482985 9.8488578017961 13.89244398945 13.89244398945 
7.0710678118655 7.0710678118655 5.0990195135928 2.2360679774998 3.605551275464 3.605551275464 6.7082039324994 9.2195444572929 9.0553851381374 10.770329614269 14.764823060233 14.764823060233 
7 7 5.3851648071345 2.8284271247462 4.2426406871193 4.4721359549996 7.6157731058639 10 10.049875621121 11.70469991072 15.652475842499 15.652475842499 
