5 5.8309518948453 4.1231056256177 3 5 4.1231056256177 6.4031242374328 5.8309518948453 7.211102550928 6.0827625302982 7.8102496759067 
5.8309518948453 5 5.0990195135928 4 5.6568542494924 4.4721359549996 7.0710678118655 5.3851648071345 7.8102496759067 6.3245553203368 7.211102550928 
6.7082039324994 4.2426406871193 6.0827625302982 5 6.4031242374328 5 7.8102496759067 5.0990195135928 8.4852813742386 6.7082039324994 6.7082039324994 
7.6157731058639 3.605551275464 7.0710678118655 6 7.211102550928 5.6568542494924 8.6023252670426 5 9.2195444572929 7.211102550928 6.3245553203368 
8.0622577482985 4.4721359549996 7.2801098892805 6.0827625302982 6.7082039324994 5 8.0622577482985 4 8.6023252670426 6.4031242374328 5.3851648071345 
8.6023252670426 5.3851648071345 7.6157731058639 6.3245553203368 6.3245553203368 4.4721359549996 7.6157731058639 3 8.0622577482985 5.6568542494924 4.4721359549996 
9.2195444572929 6.3245553203368 8.0622577482985 6.7082039324994 6.0827625302982 4.1231056256177 7.2801098892805 2 7.6157731058639 5 3.605551275464 
9.8994949366117 7.2801098892805 8.6023252670426 7.211102550928 6 4 7.0710678118655 1 7.2801098892805 4.4721359549996 2.8284271247462 
10.630145812735 8.2462112512353 9.2195444572929 7.8102496759067 6.0827625302982 4.1231056256177 7 0 7.0710678118655 4.1231056256177 2.2360679774998 
10 8.5440037453175 8.4852813742386 7.0710678118655 5.0990195135928 3.1622776601684 6 1 6.0827625302982 3.1622776601684 3.1622776601684 
9.2195444572929 7.6157731058639 7.8102496759067 6.4031242374328 5 3 6.0827625302982 1.4142135623731 6.3245553203368 3.605551275464 3.605551275464 
8.6023252670426 8.0622577482985 7.0710678118655 5.6568542494924 4 2 5.0990195135928 2.2360679774998 5.3851648071345 2.8284271247462 4.4721359549996 
7.8102496759067 7.211102550928 6.4031242374328 5 4.1231056256177 2.2360679774998 5.3851648071345 2.8284271247462 5.8309518948453 3.605551275464 5 
7.211102550928 7.8102496759067 5.6568542494924 4.2426406871193 3.1622776601684 1.4142135623731 4.4721359549996 3.605551275464 5 3.1622776601684 5.8309518948453 
6.4031242374328 7.0710678118655 5 3.605551275464 3.605551275464 2.2360679774998 5 4.2426406871193 5.6568542494924 4.1231056256177 6.4031242374328 
5.8309518948453 7.8102496759067 4.2426406871193 2.8284271247462 2.8284271247462 2 4.2426406871193 5 5 4 7.211102550928 
5 7.211102550928 3.605551275464 2.2360679774998 3.605551275464 3 5 5.6568542494924 5.8309518948453 5 7.8102496759067 
4.4721359549996 8.0622577482985 2.8284271247462 1.4142135623731 3.1622776601684 3.1622776601684 4.4721359549996 6.4031242374328 5.3851648071345 5.0990195135928 8.6023252670426 
3.605551275464 7.6157731058639 2.2360679774998 1 4.1231056256177 4.1231056256177 5.3851648071345 7.0710678118655 6.3245553203368 6.0827625302982 9.2195444572929 
3.1622776601684 8.5440037453175 1.4142135623731 0 4 4.4721359549996 5.0990195135928 7.8102496759067 6.0827625302982 6.3245553203368 10 
2.2360679774998 8.2462112512353 1 1 5 5.3851648071345 6.0827625302982 8.4852813742386 7.0710678118655 7.2801098892805 10.630145812735 
2 9.2195444572929 0 1.4142135623731 5.0990195135928 5.8309518948453 6 9.2195444572929 7 7.6157731058639 11.401754250991 
2.2360679774998 8.2462112512353 1 1 5 5.3851648071345 6.0827625302982 8.4852813742386 7.0710678118655 7.2801098892805 10.630145812735 
2.8284271247462 7.2801098892805 2 1.4142135623731 5.0990195135928 5.0990195135928 6.3245553203368 7.8102496759067 7.2801098892805 7.0710678118655 9.8994949366117 
3.605551275464 6.3245553203368 3 2.2360679774998 5.3851648071345 5 6.7082039324994 7.211102550928 7.6157731058639 7 9.2195444572929 
4.4721359549996 5.3851648071345 4 3.1622776601684 5.8309518948453 5.0990195135928 7.211102550928 6.7082039324994 8.0622577482985 7.0710678118655 8.6023252670426 
5.3851648071345 4.4721359549996 5 4.1231056256177 6.4031242374328 5.3851648071345 7.8102496759067 6.3245553203368 8.6023252670426 7.2801098892805 8.0622577482985 
6.3245553203368 3.605551275464 6 5.0990195135928 7.0710678118655 5.8309518948453 8.4852813742386 6.0827625302982 9.2195444572929 7.6157731058639 7.6157731058639 
7.2801098892805 2.8284271247462 7 6.0827625302982 7.8102496759067 6.4031242374328 9.2195444572929 6 9.8994949366117 8.0622577482985 7.2801098892805 
8.2462112512353 2.2360679774998 8 7.0710678118655 8.6023252670426 7.0710678118655 10 6.0827625302982 10.630145812735 8.6023252670426 7.0710678118655 
9.2195444572929 2 9 8.0622577482985 9.4339811320566 7.8102496759067 10.816653826392 6.3245553203368 11.401754250991 9.2195444572929 7 
9.0553851381374 1 9.0553851381374 8.2462112512353 10 8.4852813742386 11.401754250991 7.2801098892805 12.041594578792 10 8 
9 0 9.2195444572929 8.5440037453175 10.630145812735 9.2195444572929 12.041594578792 8.2462112512353 12.727922061358 10.816653826392 9 
8 1 8.2462112512353 7.6157731058639 9.8994949366117 8.6023252670426 11.313708498985 8.0622577482985 12.041594578792 10.295630140987 9.0553851381374 
8.0622577482985 1.4142135623731 8.0622577482985 7.2801098892805 9.2195444572929 7.8102496759067 10.630145812735 7.0710678118655 11.313708498985 9.4339811320566 8.0622577482985 
7.0710678118655 2.2360679774998 7.0710678118655 6.3245553203368 8.4852813742386 7.211102550928 9.8994949366117 7 10.630145812735 8.9442719099992 8.2462112512353 
7.2801098892805 2.8284271247462 7 6.0827625302982 7.8102496759067 6.4031242374328 9.2195444572929 6 9.8994949366117 8.0622577482985 7.2801098892805 
6.3245553203368 3.605551275464 6 5.0990195135928 7.0710678118655 5.8309518948453 8.4852813742386 6.0827625302982 9.2195444572929 7.6157731058639 7.6157731058639 
6.7082039324994 4.2426406871193 6.0827625302982 5 6.4031242374328 5 7.8102496759067 5.0990195135928 8.4852813742386 6.7082039324994 6.7082039324994 
5.8309518948453 5 5.0990195135928 4 5.6568542494924 4.4721359549996 7.0710678118655 5.3851648071345 7.8102496759067 6.3245553203368 7.211102550928 
6.4031242374328 5.6568542494924 5.3851648071345 4.1231056256177 5 3.605551275464 6.4031242374328 4.4721359549996 7.0710678118655 5.3851648071345 6.4031242374328 
5.6568542494924 6.4031242374328 4.4721359549996 3.1622776601684 4.2426406871193 3.1622776601684 5.6568542494924 5 6.4031242374328 5.0990195135928 7.0710678118655 
6.4031242374328 7.0710678118655 5 3.605551275464 3.605551275464 2.2360679774998 5 4.2426406871193 5.6568542494924 4.1231056256177 6.4031242374328 
5.8309518948453 7.8102496759067 4.2426406871193 2.8284271247462 2.8284271247462 2 4.2426406871193 5 5 4 7.211102550928 
6.7082039324994 8.4852813742386 5 3.605551275464 2.2360679774998 1 3.605551275464 4.4721359549996 4.2426406871193 3 6.7082039324994 
7.6157731058639 9.2195444572929 5.8309518948453 4.4721359549996 2 0 3.1622776601684 4.1231056256177 3.605551275464 2 6.3245553203368 
