9.2195444572929 9.2195444572929 6.4031242374328 4.4721359549996 4.2426406871193 2.8284271247462 3.1622776601684 6.3245553203368 4.1231056256177 6.4031242374328 10.630145812735 10.630145812735 
8.6023252670426 8.6023252670426 5.8309518948453 3.605551275464 3.605551275464 2.2360679774998 3.605551275464 6.7082039324994 5.0990195135928 7.211102550928 11.401754250991 11.401754250991 
8.0622577482985 8.0622577482985 5.3851648071345 2.8284271247462 3.1622776601684 2 4.2426406871193 7.211102550928 6.0827625302982 8.0622577482985 12.206555615734 12.206555615734 
7.6157731058639 7.6157731058639 5.0990195135928 2.2360679774998 3 2.2360679774998 5 7.8102496759067 7.0710678118655 8.9442719099992 13.038404810405 13.038404810405 
7.2801098892805 7.2801098892805 5 2 3.1622776601684 2.8284271247462 5.8309518948453 8.4852813742386 8.0622577482985 9.8488578017961 13.89244398945 13.89244398945 
7.0710678118655 7.0710678118655 5.0990195135928 2.2360679774998 3.605551275464 3.605551275464 6.7082039324994 9.2195444572929 9.0553851381374 10.770329614269 14.764823060233 14.764823060233 
7 7 5.3851648071345 2.8284271247462 4.2426406871193 4.4721359549996 7.6157731058639 10 10.049875621121 11.70469991072 15.652475842499 15.652475842499 
8 6 6.3245553203368 2.2360679774998 3.605551275464 5 8.0622577482985 10.630145812735 10.198039027186 11.401754250991 16.124515496597 15.231546211728 
9 5 7.2801098892805 2 3.1622776601684 5.6568542494924 8.6023252670426 11.313708498985 10.440306508911 11.180339887499 16.643316977093 14.866068747319 
10 4 8.2462112512353 2.2360679774998 3 6.4031242374328 9.2195444572929 12.041594578792 10.770329614269 11.045361017187 17.204650534085 14.560219778561 
11 3 9.2195444572929 2.8284271247462 3.1622776601684 7.211102550928 9.8994949366117 12.806248474866 11.180339887499 11 17.804493814765 14.317821063276 
12 2 10.198039027186 3.605551275464 3.605551275464 8.0622577482985 10.630145812735 13.601470508735 11.661903789691 11.045361017187 18.439088914586 14.142135623731 
13 1 11.180339887499 4.4721359549996 4.2426406871193 8.9442719099992 11.401754250991 14.422205101856 12.206555615734 11.180339887499 19.104973174543 14.035668847618 
14 0 12.165525060596 5.3851648071345 5 9.8488578017961 12.206555615734 15.264337522474 12.806248474866 11.401754250991 19.798989873223 14 
14.035668847618 1 12.041594578792 5.0990195135928 4.4721359549996 9.4868329805051 11.661903789691 14.764823060233 12.041594578792 10.440306508911 19.104973174543 13 
13.038404810405 1.4142135623731 11.045361017187 4.1231056256177 3.605551275464 8.5440037453175 10.816653826392 13.89244398945 11.401754250991 10.198039027186 18.38477631085 13.038404810405 
13.152946437966 2.2360679774998 11 4 3.1622776601684 8.2462112512353 10.295630140987 13.416407864999 10.630145812735 9.2195444572929 17.691806012954 12.041594578792 
12.165525060596 2.8284271247462 10 3 2.2360679774998 7.2801098892805 9.4339811320566 12.529964086142 10 9.0553851381374 16.970562748477 12.165525060596 
12.369316876853 3.605551275464 10.049875621121 3.1622776601684 2 7.0710678118655 8.9442719099992 12.083045973595 9.2195444572929 8.0622577482985 16.2788205961 11.180339887499 
11.401754250991 4.2426406871193 9.0553851381374 2.2360679774998 1 6.0827625302982 8.0622577482985 11.180339887499 8.6023252670426 8 15.556349186104 11.401754250991 
11.70469991072 5 9.2195444572929 2.8284271247462 1.4142135623731 6 7.6157731058639 10.770329614269 7.8102496759067 7 14.866068747319 10.440306508911 
10.770329614269 5.6568542494924 8.2462112512353 2.2360679774998 1 5 6.7082039324994 9.8488578017961 7.211102550928 7.0710678118655 14.142135623731 10.770329614269 
11.180339887499 6.4031242374328 8.5440037453175 3.1622776601684 2 5.0990195135928 6.3245553203368 9.4868329805051 6.4031242374328 6.0827625302982 13.453624047074 9.8488578017961 
10.295630140987 7.0710678118655 7.6157731058639 3 2.2360679774998 4.1231056256177 5.3851648071345 8.5440037453175 5.8309518948453 6.3245553203368 12.727922061358 10.295630140987 
10.816653826392 7.8102496759067 8.0622577482985 4 3.1622776601684 4.4721359549996 5.0990195135928 8.2462112512353 5 5.3851648071345 12.041594578792 9.4339811320566 
10 8.4852813742386 7.211102550928 4.1231056256177 3.605551275464 3.605551275464 4.1231056256177 7.2801098892805 4.4721359549996 5.8309518948453 11.313708498985 10 
10.630145812735 9.2195444572929 7.8102496759067 5.0990195135928 4.4721359549996 4.2426406871193 4 7.0710678118655 3.605551275464 5 10.630145812735 9.2195444572929 
9.8994949366117 9.8994949366117 7.0710678118655 5.3851648071345 5 3.605551275464 3 6.0827625302982 3.1622776601684 5.6568542494924 9.8994949366117 9.8994949366117 
9.2195444572929 9.2195444572929 6.4031242374328 4.4721359549996 4.2426406871193 2.8284271247462 3.1622776601684 6.3245553203368 4.1231056256177 6.4031242374328 10.630145812735 10.630145812735 
8.6023252670426 8.6023252670426 5.8309518948453 3.605551275464 3.605551275464 2.2360679774998 3.605551275464 6.7082039324994 5.0990195135928 7.211102550928 11.401754250991 11.401754250991 
8.0622577482985 8.0622577482985 5.3851648071345 2.8284271247462 3.1622776601684 2 4.2426406871193 7.211102550928 6.0827625302982 8.0622577482985 12.206555615734 12.206555615734 
7.6157731058639 7.6157731058639 5.0990195135928 2.2360679774998 3 2.2360679774998 5 7.8102496759067 7.0710678118655 8.9442719099992 13.038404810405 13.038404810405 
7.2801098892805 7.2801098892805 5 2 3.1622776601684 2.8284271247462 5.8309518948453 8.4852813742386 8.0622577482985 9.8488578017961 13.89244398945 13.89244398945 
7.0710678118655 7.0710678118655 5.0990195135928 2.2360679774998 3.605551275464 3.605551275464 6.7082039324994 9.2195444572929 9.0553851381374 10.770329614269 14.764823060233 14.764823060233 
7 7 5.3851648071345 2.8284271247462 4.2426406871193 4.4721359549996 7.6157731058639 10 10.049875621121 11.70469991072 15.652475842499 15.652475842499 
8 6 6.3245553203368 2.2360679774998 3.605551275464 5 8.0622577482985 10.630145812735 10.198039027186 11.401754250991 16.124515496597 15.231546211728 
9 5 7.2801098892805 2 3.1622776601684 5.6568542494924 8.6023252670426 11.313708498985 10.440306508911 11.180339887499 16.643316977093 14.866068747319 
10 4 8.2462112512353 2.2360679774998 3 6.4031242374328 9.2195444572929 12.041594578792 10.770329614269 11.045361017187 17.204650534085 14.560219778561 
11 3 9.2195444572929 2.8284271247462 3.1622776601684 7.211102550928 9.8994949366117 12.806248474866 11.180339887499 11 17.804493814765 14.317821063276 
12 2 10.198039027186 3.605551275464 3.605551275464 8.0622577482985 10.630145812735 13.601470508735 11.661903789691 11.045361017187 18.439088914586 14.142135623731 
13 1 11.180339887499 4.4721359549996 4.2426406871193 8.9442719099992 11.401754250991 14.422205101856 12.206555615734 11.180339887499 19.104973174543 14.035668847618 
14 0 12.165525060596 5.3851648071345 5 9.8488578017961 12.206555615734 15.264337522474 12.806248474866 11.401754250991 19.798989873223 14 
14.035668847618 1 12.041594578792 5.0990195135928 4.4721359549996 9.4868329805051 11.661903789691 14.764823060233 12.041594578792 10.440306508911 19.104973174543 13 
13.038404810405 1.4142135623731 11.045361017187 4.1231056256177 3.605551275464 8.5440037453175 10.816653826392 13.89244398945 11.401754250991 10.198039027186 18.38477631085 13.038404810405 
13.152946437966 2.2360679774998 11 4 3.1622776601684 8.2462112512353 10.295630140987 13.416407864999 10.630145812735 9.2195444572929 17.691806012954 12.041594578792 
12.165525060596 2.8284271247462 10 3 2.2360679774998 7.2801098892805 9.4339811320566 12.529964086142 10 9.0553851381374 16.970562748477 12.165525060596 
12.369316876853 3.605551275464 10.049875621121 3.1622776601684 2 7.0710678118655 8.9442719099992 12.083045973595 9.2195444572929 8.0622577482985 16.2788205961 11.180339887499 
11.401754250991 4.2426406871193 9.0553851381374 2.2360679774998 1 6.0827625302982 8.0622577482985 11.180339887499 8.6023252670426 8 15.556349186104 11.401754250991 
11.70469991072 5 9.2195444572929 2.8284271247462 1.4142135623731 6 7.6157731058639 10.770329614269 7.8102496759067 7 14.866068747319 10.440306508911 
10.770329614269 5.6568542494924 8.2462112512353 2.2360679774998 1 5 6.7082039324994 9.8488578017961 7.211102550928 7.0710678118655 14.142135623731 10.770329614269 
11.180339887499 6.4031242374328 8.5440037453175 3.1622776601684 2 5.0990195135928 6.3245553203368 9.4868329805051 6.4031242374328 6.0827625302982 13.453624047074 9.8488578017961 
10.295630140987 7.0710678118655 7.6157731058639 3 2.2360679774998 4.1231056256177 5.3851648071345 8.5440037453175 5.8309518948453 6.3245553203368 12.727922061358 10.295630140987 
10.816653826392 7.8102496759067 8.0622577482985 4 3.1622776601684 4.4721359549996 5.0990195135928 8.2462112512353 5 5.3851648071345 12.041594578792 9.4339811320566 
10 8.4852813742386 7.211102550928 4.1231056256177 3.605551275464 3.605551275464 4.1231056256177 7.2801098892805 4.4721359549996 5.8309518948453 11.313708498985 10 
9.2195444572929 9.2195444572929 6.4031242374328 4.4721359549996 4.2426406871193 2.8284271247462 3.1622776601684 6.3245553203368 4.1231056256177 6.4031242374328 10.630145812735 10.630145812735 
8.6023252670426 8.6023252670426 5.8309518948453 3.605551275464 3.605551275464 2.2360679774998 3.605551275464 6.7082039324994 5.0990195135928 7.211102550928 11.401754250991 11.401754250991 
8.0622577482985 8.0622577482985 5.3851648071345 2.8284271247462 3.1622776601684 2 4.2426406871193 7.211102550928 6.0827625302982 8.0622577482985 12.206555615734 12.206555615734 
7.6157731058639 7.6157731058639 5.0990195135928 2.2360679774998 3 2.2360679774998 5 7.8102496759067 7.0710678118655 8.9442719099992 13.038404810405 13.038404810405 
7.2801098892805 7.2801098892805 5 2 3.1622776601684 2.8284271247462 5.8309518948453 8.4852813742386 8.0622577482985 9.8488578017961 13.89244398945 13.89244398945 
7.0710678118655 7.0710678118655 5.0990195135928 2.2360679774998 3.605551275464 3.605551275464 6.7082039324994 9.2195444572929 9.0553851381374 10.770329614269 14.764823060233 14.764823060233 
7 7 5.3851648071345 2.8284271247462 4.2426406871193 4.4721359549996 7.6157731058639 10 10.049875621121 11.70469991072 15.652475842499 15.652475842499 
8 6 6.3245553203368 2.2360679774998 3.605551275464 5 8.0622577482985 10.630145812735 10.198039027186 11.401754250991 16.124515496597 15.231546211728 
9 5 7.2801098892805 2 3.1622776601684 5.6568542494924 8.6023252670426 11.313708498985 10.440306508911 11.180339887499 16.643316977093 14.866068747319 
10 4 8.2462112512353 2.2360679774998 3 6.4031242374328 9.2195444572929 12.041594578792 10.770329614269 11.045361017187 17.204650534085 14.560219778561 
11 3 9.2195444572929 2.8284271247462 3.1622776601684 7.211102550928 9.8994949366117 12.806248474866 11.180339887499 11 17.804493814765 14.317821063276 
12 2 10.198039027186 3.605551275464 3.605551275464 8.0622577482985 10.630145812735 13.601470508735 11.661903789691 11.045361017187 18.439088914586 14.142135623731 
13 1 11.180339887499 4.4721359549996 4.2426406871193 8.9442719099992 11.401754250991 14.422205101856 12.206555615734 11.180339887499 19.104973174543 14.035668847618 
14 0 12.165525060596 5.3851648071345 5 9.8488578017961 12.206555615734 15.264337522474 12.806248474866 11.401754250991 19.798989873223 14 
14.035668847618 1 12.041594578792 5.0990195135928 4.4721359549996 9.4868329805051 11.661903789691 14.764823060233 12.041594578792 10.440306508911 19.104973174543 13 
13.038404810405 1.4142135623731 11.045361017187 4.1231056256177 3.605551275464 8.5440037453175 10.816653826392 13.89244398945 11.401754250991 10.198039027186 18.38477631085 13.038404810405 
13.152946437966 2.2360679774998 11 4 3.1622776601684 8.2462112512353 10.295630140987 13.416407864999 10.630145812735 9.2195444572929 17.691806012954 12.041594578792 
12.165525060596 2.8284271247462 10 3 2.2360679774998 7.2801098892805 9.4339811320566 12.529964086142 10 9.0553851381374 16.970562748477 12.165525060596 
12.369316876853 3.605551275464 10.049875621121 3.1622776601684 2 7.0710678118655 8.9442719099992 12.083045973595 9.2195444572929 8.0622577482985 16.2788205961 11.180339887499 
11.401754250991 4.2426406871193 9.0553851381374 2.2360679774998 1 6.0827625302982 8.0622577482985 11.180339887499 8.6023252670426 8 15.556349186104 11.401754250991 
11.70469991072 5 9.2195444572929 2.8284271247462 1.4142135623731 6 7.6157731058639 10.770329614269 7.8102496759067 7 14.866068747319 10.440306508911 
10.770329614269 5.6568542494924 8.2462112512353 2.2360679774998 1 5 6.7082039324994 9.8488578017961 7.211102550928 7.0710678118655 14.142135623731 10.770329614269 
11.180339887499 6.4031242374328 8.5440037453175 3.1622776601684 2 5.0990195135928 6.3245553203368 9.4868329805051 6.4031242374328 6.0827625302982 13.453624047074 9.8488578017961 
10.295630140987 7.0710678118655 7.6157731058639 3 2.2360679774998 4.1231056256177 5.3851648071345 8.5440037453175 5.8309518948453 6.3245553203368 12.727922061358 10.295630140987 
10.816653826392 7.8102496759067 8.0622577482985 4 3.1622776601684 4.4721359549996 5.0990195135928 8.2462112512353 5 5.3851648071345 12.041594578792 9.4339811320566 
10 8.4852813742386 7.211102550928 4.1231056256177 3.605551275464 3.605551275464 4.1231056256177 7.2801098892805 4.4721359549996 5.8309518948453 11.313708498985 10 
9.2195444572929 9.2195444572929 6.4031242374328 4.4721359549996 4.2426406871193 2.8284271247462 3.1622776601684 6.3245553203368 4.1231056256177 6.4031242374328 10.630145812735 10.630145812735 
